753
10020 20017 26.754295 -4.975165
10020 20018 30.384928 -4.719070
10020 20019 44.911728 -4.207045
10020 20021 41.308008 -5.651101
10020 20023 26.827560 -4.978974
10020 30018 19.499146 -5.076882
10020 30019 34.025942 -4.248285
10020 30022 20.511796 -6.095631
10020 30024 14.295839 -5.723247
10020 40019 29.569357 -4.179783
10020 40023 11.485199 -5.939961
10020 40025 8.896302 -6.225987
10020 50024 8.024002 -6.093763
10020 50026 6.469831 -6.471754
10020 60025 5.967372 -6.203722
10020 70026 4.520376 -6.866856
10022 20017 23.782934 -5.307582
10022 20018 24.887080 -5.312876
10022 20019 27.127224 -5.356426
10022 20020 31.262373 -5.195296
10022 20021 41.291726 -5.526917
10022 20023 38.655430 -4.723636
10022 30018 14.100589 -5.354179
10022 30019 16.340733 -5.420814
10022 30020 20.475882 -5.161800
10022 30021 30.505235 -5.621692
10022 30024 19.520204 -5.093850
10022 40019 11.891378 -5.757331
10022 40020 16.026526 -5.339580
10022 40021 26.055881 -5.809574
10022 40023 23.419584 -4.515530
10022 40025 11.776520 -5.580757
10022 50020 14.250203 -5.196579
10022 50021 24.279558 -5.760028
10022 50024 13.294525 -5.099310
10022 50026 8.301745 -5.946827
10022 60021 23.187717 -5.685346
10022 60025 8.908357 -5.183733
10022 60027 6.257121 -5.613475
10022 70026 6.384593 -6.200542
10022 70028 4.848869 -6.463054
10022 80027 4.925134 -5.729872
10022 80029 3.955724 -6.184318
10022 90028 3.917086 -6.508346
20021 30018 26.319710 -5.822248
20021 30019 30.556812 -5.783665
20021 30020 41.062835 -5.395828
20021 30022 41.211230 -5.851940
20021 30024 26.639153 -5.917608
20021 40019 18.455930 -5.681508
20021 40020 28.961955 -5.168682
20021 40023 17.642117 -5.567134
20021 40025 12.943773 -6.061862
20021 50020 25.601547 -5.181324
20021 50024 11.177864 -6.148044
20021 50026 8.636818 -6.857035
20021 60025 7.850953 -6.307372
20023 30018 23.581514 -5.585784
20023 30019 24.787037 -5.552981
20023 30020 26.588224 -5.525616
20023 30021 29.765563 -5.553484
20023 30022 38.663937 -5.586418
20023 30024 44.481431 -5.124050
20023 40019 12.698551 -5.522311
20023 40020 14.499739 -5.475942
20023 40021 17.677077 -5.531795
20023 40022 26.575451 -5.586973
20023 40025 19.905716 -5.371706
20023 50020 11.150301 -5.643418
20023 50021 14.327639 -5.675188
20023 50022 23.226014 -5.683386
20023 50024 29.043508 -4.955826
20023 50026 12.276957 -6.320844
20023 60021 12.610349 -5.566459
20023 60022 21.508723 -5.620294
20023 60025 14.838988 -5.346502
20023 70022 20.390461 -5.632098
20023 70026 9.441404 -6.401526
30022 40019 23.683628 -6.061674
30022 40020 27.824597 -5.848333
30022 40021 37.862818 -6.075786
30022 40023 35.245660 -5.230178
30022 40025 23.613679 -6.035918
30022 50020 18.695811 -5.789894
30022 50021 28.734031 -6.110025
30022 50024 17.775496 -5.740826
30022 50026 12.794171 -6.546865
30022 60021 25.406412 -5.913232
30022 60025 11.157274 -5.621255
30022 60027 8.515707 -6.099956
30022 70026 7.672893 -6.321795
30022 70028 6.143734 -6.545775
30022 80027 5.775068 -5.120661
30022 80029 4.815938 -5.412819
30022 90028 4.521273 -6.889902
30022 90030 3.810182 -7.194974
30022 100029 3.445353 -7.185801
30022 100031 2.915976 -7.290732
30022 110030 2.668189 -7.727467
30024 40019 20.604463 -5.828750
30024 40020 21.687950 -5.826137
30024 40021 23.403535 -5.890197
30024 40022 26.960306 -6.045511
30024 40023 41.186523 -5.761698
30024 40025 38.176416 -5.043526
30024 50020 12.560834 -6.038063
30024 50021 14.276419 -6.117610
30024 50022 17.833191 -6.307059
30024 50023 32.059406 -5.826385
30024 50026 18.717129 -6.210420
30024 60021 10.953398 -6.112981
30024 60022 14.510170 -6.346950
30024 60023 28.736385 -5.790944
30024 60025 25.726282 -4.728637
30024 60027 11.724007 -6.112689
30024 70022 12.735104 -6.521245
30024 70023 26.961318 -5.836665
30024 70026 13.619042 -6.374529
30024 70028 8.184019 -6.832408
30024 80023 26.018187 -5.850751
30024 80027 9.005810 -6.382587
30024 80029 6.277845 -7.341134
30024 90028 6.601023 -6.983300
30024 90030 4.927396 -7.522115
30024 100029 4.980004 -7.489716
40023 50020 29.383430 -6.420293
40023 50021 32.576691 -6.398539
40023 50022 41.482438 -6.220785
40023 50024 47.309995 -5.637140
40023 50026 30.570945 -6.654892
40023 60021 18.626893 -5.440615
40023 60022 27.532643 -5.482652
40023 60025 20.892407 -5.186760
40023 60027 14.608404 -5.617986
40023 70022 23.190992 -5.691077
40023 70026 12.279494 -6.301131
40023 70028 9.191650 -6.413497
40023 80027 8.438862 -6.660233
40023 80029 6.729118 -7.315157
40023 90028 6.280315 -6.586002
40023 90030 5.143589 -7.044024
40023 100029 4.685412 -6.832483
40023 100031 3.893971 -7.404387
40023 110030 3.634220 -6.744198
40023 110032 3.129307 -7.370781
40023 120031 2.898057 -8.007310
40025 50020 26.817839 -6.827749
40025 50021 27.886155 -6.854741
40025 50022 29.736321 -6.854491
40025 50023 34.850489 -6.702281
40025 50024 44.320107 -5.763530
40025 50026 42.388854 -6.998834
40025 60021 13.945283 -6.479211
40025 60022 15.795449 -6.522728
40025 60023 20.909618 -6.350180
40025 60024 30.379255 -5.090396
40025 60027 19.414582 -6.440695
40025 70022 11.476832 -6.857601
40025 70023 16.591000 -6.536915
40025 70024 26.060636 -5.000512
40025 70026 24.129365 -7.109543
40025 80023 14.775516 -6.822475
40025 80024 24.245147 -5.059492
40025 80027 13.280481 -7.007966
40025 90024 23.172946 -4.863571
50024 60021 25.705299 -5.320646
50024 60022 29.276925 -5.512325
50024 60023 43.516720 -5.381148
50024 60025 40.522817 -4.686416
50024 60027 26.534201 -5.320200
50024 70022 17.885366 -6.330603
50024 70023 32.125155 -5.790201
50024 70026 18.804903 -6.207994
50024 70028 13.384322 -6.450840
50024 80023 28.695436 -5.881575
50024 80027 11.712920 -6.469073
50024 80029 8.996805 -7.116693
50024 90028 8.215606 -6.342315
50024 90030 6.553635 -6.586717
50024 100029 5.917963 -6.651286
50024 100031 4.825924 -7.147286
50024 110030 4.515106 -6.953803
50024 110032 3.848744 -7.780020
50024 120031 3.616016 -7.709558
50024 120033 3.096539 -8.554872
50024 130032 2.870002 -8.487723
50026 60021 23.200614 -5.217622
50026 60022 24.295833 -5.364725
50026 60023 26.831572 -5.348666
50026 60024 30.181601 -4.990233
50026 60025 38.628714 -6.046111
50026 60027 39.852516 -5.177278
50026 70022 12.919221 -6.728127
50026 70023 15.454957 -6.476550
50026 70024 18.804975 -5.700345
50026 70025 27.252116 -6.976899
50026 70028 18.487841 -6.296112
50026 80023 12.032805 -6.427267
50026 80024 15.382825 -5.489116
50026 80025 23.829964 -7.023868
50026 80027 25.053742 -5.594072
50026 80029 11.850586 -5.806351
50026 90024 13.656052 -5.190970
50026 90025 22.103186 -6.959564
50026 90028 13.338914 -6.004597
50026 90030 8.299229 -6.313767
50026 100025 20.783631 -6.847726
50026 100029 8.804263 -4.969276
50026 100031 6.106284 -5.714792
50026 110030 6.298284 -4.539619
50026 120031 4.939619 -6.556930
50026 130032 3.952037 -7.279895
60025 70022 26.151927 -5.979232
60025 70023 31.279967 -5.924686
60025 70024 40.753707 -5.020730
60025 70026 38.847635 -6.498578
60025 70028 26.557896 -6.115929
60025 80023 20.304662 -6.828226
60025 80024 29.778383 -5.303648
60025 80027 18.845643 -6.976520
60025 80029 14.027118 -7.591232
60025 90024 25.933579 -4.493842
60025 90028 11.737758 -6.334617
60025 90030 9.139252 -6.478471
60025 100029 7.848205 -6.731648
60025 100031 6.264951 -7.134411
60025 110030 5.770146 -7.396766
60025 110032 4.859856 -8.141732
60025 120031 4.575634 -7.490813
60025 120033 3.902068 -8.163000
60025 130032 3.641648 -8.507395
60025 130034 3.099484 -9.252347
60025 140033 2.821244 -9.191533
60025 140035 2.414522 -10.217399
60027 70022 23.515625 -5.548215
60027 70023 25.005739 -5.583777
60027 70024 26.726419 -5.372874
60027 70025 29.834394 -5.743578
60027 70026 40.117041 -5.773788
60027 70028 40.002954 -5.729486
60027 80023 14.050724 -6.982920
60027 80024 15.771396 -6.472873
60027 80025 18.879380 -6.877599
60027 80026 29.162024 -6.519297
60027 80029 19.648702 -6.743560
60027 90024 11.932238 -5.248682
60027 90025 15.040213 -6.009690
60027 90026 25.322860 -5.949491
60027 90028 25.208773 -5.879985
60027 90030 12.054715 -5.663189
60027 100025 12.731936 -6.214057
60027 100026 23.014583 -6.056511
60027 100029 13.501259 -6.056797
60027 100031 8.172485 -6.287456
60027 110026 22.000454 -6.140137
60027 110030 8.732308 -6.034577
60027 110032 6.257821 -6.912568
60027 120031 6.511737 -6.262221
60027 120033 4.967273 -6.696739
60027 130032 5.080364 -6.800318
60027 140033 3.955146 -7.245661
70026 80023 29.395431 -6.957939
70026 80024 32.759035 -6.507108
70026 80025 41.221871 -7.347770
70026 80027 42.464038 -6.533166
70026 80029 29.273491 -7.142914
70026 90024 20.013234 -5.141221
70026 90025 28.476037 -6.764090
70026 90028 19.735605 -5.957180
70026 90030 14.709481 -5.820650
70026 100025 23.455182 -7.189894
70026 100029 11.506805 -6.504804
70026 100031 8.822017 -6.568058
70026 110030 7.888405 -6.837170
70026 110032 6.471738 -7.558507
70026 120031 5.980598 -7.134948
70026 120033 5.005194 -7.812421
70026 130032 4.687340 -7.931827
70026 130034 3.950205 -8.710499
70026 140033 3.648570 -8.451926
70028 80023 26.354418 -7.194720
70028 80024 27.395673 -7.059903
70028 80025 28.984756 -7.159193
70028 80026 32.494607 -6.974800
70028 80027 42.392283 -6.490569
70028 80029 43.313493 -6.789168
70028 90024 14.651959 -5.481376
70028 90025 16.241037 -5.813022
70028 90026 19.750892 -5.748877
70028 90027 29.648582 -5.465766
70028 90030 19.851625 -5.546154
70028 100025 11.232489 -6.225973
70028 100026 14.742344 -6.041720
70028 100027 24.640033 -5.583428
70028 100029 25.561232 -6.122097
70028 100031 11.752256 -6.227744
70028 110026 12.957849 -6.320884
70028 110027 22.855536 -5.705917
70028 110030 13.058580 -6.008292
70028 110032 8.405013 -7.001467
70028 120027 21.830434 -5.601059
70028 120031 8.942659 -6.473212
70028 120033 6.372166 -7.039274
70028 130032 6.656267 -7.016947
70028 130034 4.995918 -7.741189
70028 140033 5.064266 -7.401926
80027 90024 27.670274 -5.360159
80027 90025 30.785932 -5.729104
80027 90026 41.082768 -5.778971
80027 90028 40.985435 -5.733881
80027 90030 27.849344 -5.566089
80027 100025 17.416367 -5.985823
80027 100026 27.713203 -5.964363
80027 100029 18.225694 -5.902332
80027 100031 12.911933 -5.956213
80027 110026 24.397171 -6.253240
80027 110030 11.163745 -6.284373
80027 110032 8.697526 -6.953407
80027 120031 7.963692 -6.386679
80029 90024 24.976733 -5.648598
80029 90025 25.973110 -5.778475
80029 90026 27.840162 -5.769399
80029 90027 31.588248 -5.722173
80029 90028 41.893640 -5.841006
80029 90030 39.548851 -5.118422
80029 100025 12.624303 -6.114003
80029 100026 14.491354 -6.053339
80029 100027 18.239440 -5.913202
80029 100028 28.544833 -6.018640
80029 100031 18.180872 -5.924746
80029 110026 11.188131 -6.661314
80029 110027 14.936215 -6.337619
80029 110028 25.241608 -6.283579
80029 110030 22.896812 -5.080808
80029 110032 11.730842 -6.835361
80029 120027 13.315170 -6.129632
80029 120028 23.620563 -6.162626
80029 120031 13.256602 -6.146421
80029 130028 22.611942 -6.214969
90028 100025 22.382910 -5.670075
90028 100026 25.906168 -5.617115
90028 100027 35.817775 -5.347570
90028 100029 36.748146 -5.745735
90028 100031 22.954889 -5.643161
90028 110026 17.158503 -6.385905
90028 110027 27.070104 -5.747767
90028 110030 17.293873 -6.063677
90028 110032 12.650918 -6.850671
90028 120027 24.009362 -5.408434
90028 120031 11.146478 -6.087408
90028 120033 8.586880 -6.438486
90028 130032 7.987641 -6.853684
90028 130034 6.336763 -7.312787
90028 140033 5.918167 -7.073941
90028 140035 4.869123 -7.778533
90028 150034 4.484859 -7.614013
90028 150036 3.754443 -8.571537
90028 160035 3.549529 -8.328947
90028 170036 2.714315 -9.427924
90030 100025 19.832557 -5.671802
90030 100026 20.916096 -5.653485
90030 100027 22.744599 -5.632075
90030 100028 26.074259 -5.748614
90030 100029 34.436265 -5.407541
90030 100031 39.589979 -5.326308
90030 110026 12.184666 -6.914410
90030 110027 14.013167 -6.715129
90030 110028 17.342829 -6.682404
90030 110029 25.704825 -5.921705
90030 110032 19.560247 -6.597676
90030 120027 10.960419 -6.146834
90030 120028 14.290080 -6.239534
90030 120029 22.652082 -5.539803
90030 120031 27.805797 -5.399629
90030 120033 12.312083 -6.129706
90030 130028 12.705686 -6.482321
90030 130029 21.067686 -5.633601
90030 130032 14.923104 -6.400994
90030 140029 20.018995 -5.554250
100029 110026 27.860420 -7.066566
100029 110027 31.622164 -6.874000
100029 110028 41.933122 -6.721679
100029 110030 39.614711 -6.056320
100029 110032 28.466520 -7.183147
100029 120027 19.398698 -6.021783
100029 120028 29.709658 -6.102561
100029 120031 19.381003 -6.079682
100029 130028 25.689737 -6.325870
100031 110026 25.206166 -7.123238
100031 110027 26.349902 -7.057647
100031 110028 28.156550 -7.018397
100031 110029 31.619039 -6.800747
100031 110030 44.771757 -5.794421
100031 110032 42.060213 -6.775260
100031 120027 14.132575 -5.878767
100031 120028 15.939222 -5.943054
100031 120029 19.401716 -5.780259
100031 120030 32.554467 -4.808571
100031 120033 20.355797 -5.705525
100031 130028 11.928632 -6.334401
100031 130029 15.391125 -6.041145
100031 130030 28.543872 -4.812715
100031 130032 25.832297 -6.306671
100031 130034 12.630914 -6.672382
100031 140029 13.303408 -5.989968
100031 140030 26.456158 -4.690043
100031 140033 14.257488 -5.869235
100031 140035 8.812904 -6.700633
100031 150030 25.186784 -4.602358
100031 150034 9.273821 -6.774267
100031 150036 6.430994 -7.105769
100031 160035 6.809318 -6.772065
100031 160037 5.129166 -6.719440
100031 170036 5.085293 -7.254567
100031 170038 4.050535 -7.823494
100031 180037 4.052703 -6.629389
100031 180039 3.273133 -8.300823
100031 190038 3.118302 -8.121568
100031 190040 2.610241 -8.621730
100031 200039 2.460727 -9.324116
110030 120027 26.074713 -5.416471
110030 120028 29.421665 -5.538236
110030 120029 37.796855 -5.298256
110030 120031 42.967071 -5.043208
110030 120033 27.492759 -5.458991
110030 130028 18.463047 -6.703451
110030 130029 26.838227 -6.001862
110030 130032 20.720444 -6.580741
110030 130034 14.429085 -7.290415
110030 140029 22.921579 -5.804606
110032 120027 23.636970 -5.174940
110032 120028 24.776398 -5.236983
110032 120029 26.667228 -5.275235
110032 120030 31.664188 -5.061038
110032 120031 40.255846 -6.027321
110032 120033 39.637405 -4.756310
110032 130028 13.829237 -6.473344
110032 130029 15.720067 -6.389522
110032 130030 20.717020 -5.793374
110032 130031 29.308703 -6.905897
110032 130034 19.396671 -6.237577
110032 140029 11.810813 -6.274483
110032 140030 16.807767 -5.573880
110032 140031 25.399448 -6.931879
110032 140033 24.780979 -4.921460
110032 140035 12.234858 -6.314475
110032 150030 14.773891 -5.479225
110032 150031 23.365573 -6.990237
110032 150034 13.453541 -6.088825
110032 150036 8.356491 -6.619990
110032 160031 22.323634 -7.041615
110032 160035 9.159042 -6.374601
110032 160037 6.427679 -7.113349
110032 170036 6.518308 -6.782774
110032 170038 4.976586 -7.495139
110032 180037 5.068329 -7.187012
110032 180039 3.992684 -7.727465
110032 190038 3.884488 -7.826810
120031 130028 24.793991 -5.905186
120031 130029 28.270491 -5.823813
120031 130030 41.434259 -5.090342
120031 130032 38.731991 -5.853452
120031 130034 25.551733 -6.045486
120031 140029 18.162892 -5.934010
120031 140030 31.326662 -4.917577
120031 140033 19.147502 -5.702666
120031 140035 13.717015 -6.332834
120031 150030 27.531227 -4.803285
120031 150034 11.648700 -6.507028
120031 150036 8.820332 -6.742698
120031 160035 8.255512 -6.628933
120031 160037 6.577440 -7.330808
120031 170036 6.012664 -6.953992
120031 170038 4.982527 -7.520429
120031 180037 4.687321 -7.783424
120031 180039 3.929144 -8.027768
120031 190038 3.572665 -8.214657
120031 190040 3.068974 -8.902626
120031 200039 2.832002 -8.649738
120031 210040 2.172137 -9.753378
120033 130028 22.254572 -5.924147
120033 130029 23.410963 -5.894028
120033 130030 25.978135 -5.753449
120033 130031 29.288648 -6.025096
120033 130032 38.174340 -5.542975
120033 130034 39.401879 -5.783031
120033 140029 13.304638 -6.188385
120033 140030 15.871809 -5.910683
120033 140031 19.182324 -6.298313
120033 140032 28.068014 -5.556102
120033 140035 19.487623 -5.910902
120033 150030 12.093532 -5.963740
120033 150031 15.404047 -6.435045
120033 150032 24.289737 -5.527363
120033 150034 25.517276 -5.898792
120033 150036 11.829716 -6.294446
120033 160031 13.755733 -6.449308
120033 160032 22.641423 -5.469949
120033 160035 14.061031 -5.909105
120033 160037 8.543433 -6.697116
120033 170032 21.517956 -5.426002
120033 170036 9.057935 -6.288385
120033 170038 6.350513 -7.315643
120033 180037 6.669016 -7.203332
120033 180039 4.966788 -8.030178
120033 190038 4.971919 -8.095668
120033 190040 3.962398 -9.090149
120033 200039 3.953805 -7.809885
120033 210040 3.166686 -8.792088
130032 140029 25.098552 -5.804250
130032 140030 30.109555 -5.502375
130032 140031 38.713635 -6.420059
130032 140033 38.114727 -5.122292
130032 140035 25.576286 -5.880085
130032 150030 19.531937 -5.520239
130032 150031 28.136023 -6.777460
130032 150034 18.246919 -6.014214
130032 150036 13.160002 -6.361765
130032 160031 24.848681 -7.002587
130032 160035 11.711324 -6.476802
130032 160037 8.983965 -7.255047
130032 170036 7.987956 -6.910076
130032 170038 6.454927 -7.596436
130032 180037 6.020746 -7.735819
130032 180039 4.962901 -8.008932
130032 190038 4.516870 -8.249686
130032 190040 3.845200 -9.091387
130032 200039 3.586294 -8.765778
130034 140029 22.366975 -5.506695
130034 140030 23.865645 -5.463509
130034 140031 25.561188 -5.698693
130034 140032 28.852918 -5.546366
130034 140033 39.331681 -4.733059
130034 140035 39.241057 -5.435465
130034 150030 13.297086 -5.482609
130034 150031 14.992629 -5.881419
130034 150032 18.284359 -5.608149
130034 150033 28.763126 -4.473497
130034 150036 18.505549 -5.523005
130034 160031 11.715210 -6.164225
130034 160032 15.006939 -5.769242
130034 160033 25.485705 -4.422440
130034 160035 25.395077 -5.506706
130034 160037 12.094906 -5.806007
130034 170032 13.139426 -5.784039
130034 170033 23.618194 -4.324179
130034 170036 13.360616 -5.663194
130034 170038 8.403855 -6.190406
130034 180033 22.554586 -4.253794
130034 180037 9.163784 -5.833470
130034 190038 6.506507 -6.406052
140033 150030 25.098695 -5.290562
140033 150031 28.415885 -5.628386
140033 150032 37.320388 -5.220618
140033 150034 38.569999 -5.396898
140033 150036 24.891387 -5.374598
140033 160031 18.974056 -6.011581
140033 160032 27.878556 -5.343317
140033 160035 19.326807 -5.506285
140033 160037 13.823045 -5.878398
140033 170032 24.146482 -5.296952
140033 170036 11.717482 -5.705020
140033 170038 9.020373 -6.414977
140033 180037 8.281401 -6.099654
140033 180039 6.584971 -6.461904
140033 190038 5.947665 -7.057730
140033 190040 4.948670 -7.622926
140033 200039 4.664697 -6.646484
140033 210040 3.671638 -7.779831
140035 150030 21.944420 -5.327388
140035 150031 23.003283 -5.441391
140035 150032 24.773268 -5.384829
140035 150033 28.770108 -5.006440
140035 150034 38.438389 -5.489798
140035 150036 36.743196 -4.995328
140035 160031 13.573187 -5.831595
140035 160032 15.343171 -5.695255
140035 160033 19.340010 -5.068212
140035 160034 29.008293 -5.688114
140035 160037 19.116696 -5.322164
140035 170032 11.625926 -5.718848
140035 170033 15.622766 -4.936573
140035 170034 25.291049 -5.697910
140035 170036 23.595853 -4.942878
140035 170038 11.853276 -5.806625
140035 180033 13.826846 -4.805900
140035 180034 23.495128 -5.679204
140035 180037 13.603531 -5.158465
140035 190034 22.255201 -5.705446
140035 190038 8.817428 -5.863075
150034 160031 26.340882 -5.833326
150034 160032 29.648121 -5.644742
150034 160033 40.146988 -4.776315
150034 160035 40.072620 -5.504177
150034 160037 26.791948 -5.810297
150034 170032 18.738449 -6.031025
150034 170033 29.237313 -4.699840
150034 170036 19.002312 -6.007211
150034 170038 14.058120 -6.573965
150034 180033 25.497602 -4.446704
150034 180037 12.142562 -6.365612
150034 180039 9.337603 -6.620741
150034 190038 8.117934 -7.112094
150034 190040 6.610038 -7.593401
150034 200039 6.148003 -7.177111
150034 210040 4.775127 -8.026333
150036 160031 23.548818 -5.470257
150036 160032 24.584314 -5.413971
150036 160033 26.550900 -5.244519
150036 160034 29.930866 -5.459083
150036 160035 38.421629 -5.155398
150036 160037 42.843031 -4.937160
150036 170032 13.684091 -5.897296
150036 170033 15.650676 -5.549094
150036 170034 19.030644 -5.832459
150036 170035 27.521404 -5.293303
150036 170038 19.872129 -6.038337
150036 180033 11.911663 -5.300204
150036 180034 15.291630 -5.707869
150036 180035 23.782392 -5.128429
150036 180037 28.203794 -4.801143
150036 180039 12.363367 -5.529838
150036 190034 13.112927 -5.888926
150036 190035 21.603688 -5.179891
150036 190038 13.954413 -6.178706
150036 190040 8.650260 -6.366182
150036 200035 20.641085 -5.132305
150036 200039 9.222061 -5.675245
150036 210040 6.866505 -6.542566
160035 170032 25.300771 -5.527848
160035 170033 29.312649 -5.142721
160035 170034 38.992212 -5.594405
160035 170036 37.318162 -5.122697
160035 170038 25.589409 -5.630618
160035 180033 19.417718 -5.080376
160035 180034 29.097281 -5.706400
160035 180037 19.234203 -5.391307
160035 190034 24.849018 -5.861836
160037 170032 22.612384 -5.387405
160037 170033 23.850172 -5.289889
160037 170034 25.725633 -5.452744
160037 170035 29.158610 -5.426601
160037 170036 41.806561 -5.074081
160037 170038 37.683389 -5.486048
160037 180033 13.956212 -5.574273
160037 180034 15.831674 -5.805216
160037 180035 19.264651 -5.702836
160037 180036 31.912600 -5.131543
160037 180039 18.835071 -5.288422
160037 190034 11.598418 -6.258964
160037 190035 15.031394 -6.024121
160037 190036 27.679340 -5.218645
160037 190038 23.556173 -5.902981
160037 190040 11.864992 -6.473106
160037 200035 13.481120 -5.827905
160037 200036 26.129069 -5.069619
160037 200039 13.051540 -5.233968
160037 210036 24.903688 -5.074016
160037 210040 9.089337 -6.459921
170036 180033 26.428323 -5.292810
170036 180034 29.825257 -5.495710
170036 180035 38.331198 -5.209858
170036 180037 42.764128 -4.859392
170036 180039 26.939674 -5.369807
170036 190034 18.080018 -6.090839
170036 190035 26.585955 -5.488297
170036 190038 18.958167 -6.218422
170036 190040 13.665808 -6.467428
170036 200035 23.534112 -5.212692
170036 200039 12.142589 -5.570214
170036 210040 8.507134 -6.502894
170038 180033 23.773513 -5.560921
170038 180034 24.888872 -5.636408
170038 180035 26.595641 -5.569351
170038 180036 30.712616 -5.540750
170038 180037 38.651221 -5.020269
170038 180039 38.648748 -4.966704
170038 190034 13.155311 -6.539631
170038 190035 14.862078 -6.315906
170038 190036 18.979052 -6.107678
170038 190037 26.917650 -5.193117
170038 190040 19.032827 -6.703542
170038 200035 11.822550 -5.847404
170038 200036 15.939526 -5.720476
170038 200037 23.878131 -4.818228
170038 200039 23.875659 -4.731499
170038 210036 13.845393 -5.874231
170038 210037 21.783997 -4.829216
170038 210040 13.899166 -6.691081
170038 220037 20.683587 -4.776772
180037 190034 22.588452 -5.768302
180037 190035 26.035188 -5.677831
180037 190036 38.678529 -5.169279
180037 190038 34.593353 -5.615169
180037 190040 22.916011 -5.851311
180037 200035 18.829197 -5.427175
180037 200036 31.472542 -4.902879
180037 200039 18.440862 -4.932397
180037 210036 27.526214 -5.037355
180037 210040 11.763696 -6.189205
180039 190034 19.813816 -5.852889
180039 190035 20.843530 -5.860456
180039 190036 22.872396 -5.794742
180039 190037 25.661563 -5.296145
180039 190038 34.637870 -5.802302
180039 190040 36.231674 -6.004383
180039 200035 13.649678 -5.743373
180039 200036 15.678545 -5.662659
180039 200037 18.467715 -4.989789
180039 200038 27.444018 -5.728825
180039 210036 11.745323 -6.243438
180039 210037 14.534487 -5.277029
180039 210038 23.510796 -6.030035
180039 210040 25.104602 -6.307226
180039 220037 12.766201 -5.094724
180039 220038 21.742508 -5.984235
180039 230038 20.363886 -5.885984
190038 200035 29.612965 -4.690407
190038 200036 33.746485 -4.743010
190038 200037 41.699332 -4.456220
190038 200039 41.716431 -4.409522
190038 210036 19.490279 -5.831634
190038 210037 27.443114 -5.080386
190038 210040 19.581899 -6.479374
190038 220037 23.693637 -4.997324
190040 200035 27.167457 -4.572149
190040 200036 28.480081 -4.636487
190040 200037 30.064501 -4.592108
190040 200038 33.845787 -5.035639
190040 200039 43.347168 -4.742279
190040 210036 14.231592 -6.069303
190040 210037 15.816009 -5.841407
190040 210038 19.597311 -6.366361
190040 210039 29.098675 -5.494842
190040 220037 12.076578 -5.936618
190040 220038 15.857881 -6.562659
190040 220039 25.359244 -5.489080
190040 230038 13.443855 -6.454028
190040 230039 22.945222 -5.312483
190040 240039 21.873165 -5.329053
200039 210036 26.103549 -6.226052
200039 210037 28.911945 -5.910445
200039 210038 37.898417 -6.127386
200039 210040 39.510182 -6.289973
200039 220037 18.821303 -5.723700
200039 220038 27.807774 -6.079712
200039 230038 23.025662 -5.674684
210040 220037 25.974584 -6.007033
210040 220038 29.760899 -5.999112
210040 220039 39.268318 -5.227035
210040 230038 18.084059 -5.576656
210040 230039 27.591490 -4.623401
210040 240039 24.337298 -4.739087
