          40
        1166
        1170
        1174
        1178
        1182
        1186
        1190
        1330
        1470
        1610
        1750
        1890
        2030
        2170
        2310
        2450
        2590
        2730
        2870
        3010
        3150
        3290
        3430
        3570
        3710
        3850
        3990
        4130
        4270
        4410
        4550
        4690
        4830
        4970
        5110
        5250
        5390
        5530
        5670
        5810
