          48
        1231
        1233
        1235
        1237
        1239
        1241
        1243
        1245
        1247
        1249
        1251
        1253
        1255
        1257
        1259
        1296
        1368
        1440
        1512
        1584
        1656
        1728
        1800
        1872
        1944
        2016
        2088
        2160
        2232
        2304
        2376
        2448
        2520
        2592
        2664
        2736
        2808
        2880
        2952
        3024
        3096
        3168
        3240
        3312
        3384
        3456
        3528
        3600
