          48
        1971
        1966
        1964
        1938
        1921
        1923
        1907
        1891
        1872
        1853
        1833
        1814
        1792
        1750
        1729
        1688
        1638
        1616
        1567
        1542
        1493
        1442
        1404
        1355
        1304
        1245
        1187
        1131
        1071
        1006
         970
         904
         841
         777
         708
         644
         577
         507
         435
         354
         285
         221
         163
         115
          73
          43
          21
           7
