2783
10002 40003 1.097478 -0.000000
10002 50004 0.294066 -0.000000
10002 60005 0.118422 -0.000000
10002 70006 0.055775 -0.000000
10002 80007 0.028213 -0.000000
10002 90008 0.015812 -0.000000
10002 100009 0.010392 -0.000000
10002 110010 0.007175 -0.000000
10002 120011 0.005475 -0.000000
10002 130012 0.004449 -0.000000
10003 70005 0.610978 -0.000000
10003 90007 0.123294 -0.000000
10003 110009 0.044238 -0.000000
10003 130011 0.023815 -0.000000
10003 150013 0.015793 -0.000000
10003 170015 0.009782 -0.000000
10003 190017 0.005918 -0.000000
10003 210019 0.003895 -0.000000
10003 230021 0.002998 -0.000000
10003 250023 0.002602 -0.000000
10003 80006 0.257261 -0.000000
10003 100008 0.068851 -0.000000
10003 120010 0.030894 -0.000000
10003 140012 0.019462 -0.000000
10003 160014 0.012452 -0.000000
10003 180016 0.007529 -0.000000
10003 200018 0.004721 -0.000000
10003 220020 0.003398 -0.000000
10003 240022 0.002725 -0.000000
10003 260024 0.003269 -0.000000
10004 100007 0.335612 -0.000000
10004 130010 0.076852 -0.000000
10004 160013 0.037396 -0.000000
10004 190016 0.017327 -0.000000
10004 220019 0.009070 -0.000000
10004 250022 0.006547 -0.000000
10004 280025 0.011786 -0.000000
10004 310028 0.005606 -0.000000
10004 340031 0.003925 -0.000000
10004 370034 0.004519 -0.000000
10004 110008 0.176644 -0.000000
10004 140011 0.059068 -0.000000
10004 170014 0.029101 -0.000000
10004 200017 0.013530 -0.000000
10004 230020 0.007952 -0.000000
10004 260023 0.007474 -0.000000
10004 290026 0.011085 -0.000000
10004 320029 0.004467 -0.000000
10004 350032 0.004509 -0.000000
10004 380035 0.003777 -0.000000
10004 120009 0.110547 -0.000000
10004 150012 0.046997 -0.000000
10004 180015 0.022489 -0.000000
10004 210018 0.010998 -0.000000
10004 240021 0.007109 -0.000000
10004 270024 0.009851 -0.000000
10004 300027 0.008403 -0.000000
10004 330030 0.004065 -0.000000
10004 360033 0.004626 -0.000000
10004 390036 0.003458 -0.000000
10006 160011 0.209771 -0.000000
10006 210016 0.052938 -0.000000
10006 260021 0.025234 -0.000000
10006 310026 0.028257 -0.000000
10006 360031 0.013668 -0.000000
10006 410036 0.010195 -0.000000
10006 460041 0.003473 -0.000000
10006 170012 0.158254 -0.000000
10006 220017 0.041511 -0.000000
10006 270022 0.028791 -0.000000
10006 320027 0.021574 -0.000000
10006 370032 0.014134 -0.000000
10006 420037 0.008487 -0.000000
10006 470042 0.003087 -0.000000
10006 180013 0.120633 -0.000000
10006 230018 0.033823 -0.000000
10006 280023 0.032250 -0.000000
10006 330028 0.015977 -0.000000
10006 380033 0.013174 -0.000000
10006 430038 0.007602 -0.000000
10006 480043 0.002886 -0.000000
10006 190014 0.091215 -0.000000
10006 240019 0.028440 -0.000000
10006 290024 0.032524 -0.000000
10006 340029 0.014058 -0.000000
10006 390034 0.012524 -0.000000
10006 440039 0.006093 -0.000000
10006 200015 0.069191 -0.000000
10006 250020 0.025175 -0.000000
10006 300025 0.031793 -0.000000
10006 350030 0.013803 -0.000000
10006 400035 0.011230 -0.000000
10006 450040 0.004680 -0.000000
10007 190013 0.191179 -0.000000
10007 250019 0.044154 -0.000000
10007 310025 0.045319 -0.000000
10007 370031 0.021137 -0.000000
10007 430037 0.011742 -0.000000
10007 200014 0.142107 -0.000000
10007 260020 0.042232 -0.000000
10007 320026 0.039812 -0.000000
10007 380032 0.020282 -0.000000
10007 440038 0.010335 -0.000000
10007 210015 0.107032 -0.000000
10007 270021 0.045347 -0.000000
10007 330027 0.031476 -0.000000
10007 390033 0.019590 -0.000000
10007 450039 0.008450 -0.000000
10007 220016 0.081585 -0.000000
10007 280022 0.048791 -0.000000
10007 340028 0.024205 -0.000000
10007 400034 0.018493 -0.000000
10007 460040 0.006585 -0.000000
10007 230017 0.063932 -0.000000
10007 290023 0.048481 -0.000000
10007 350029 0.022331 -0.000000
10007 410035 0.016537 -0.000000
10007 470041 0.005211 -0.000000
10007 240018 0.052183 -0.000000
10007 300024 0.047144 -0.000000
10007 360030 0.021324 -0.000000
10007 420036 0.014344 -0.000000
10007 480042 0.004606 -0.000000
20003 50004 1.162526 -0.000000
20003 60005 0.316345 -0.000000
20003 70006 0.120386 -0.000000
20003 80007 0.052930 -0.000000
20003 90008 0.026527 -0.000000
20003 100009 0.016144 -0.000000
20003 110010 0.010532 -0.000000
20003 120011 0.007754 -0.000000
20003 130012 0.006149 -0.000000
20003 140013 0.005059 -0.000000
20004 80006 0.601072 -0.000000
20004 100008 0.116897 -0.000000
20004 120010 0.045205 -0.000000
20004 140012 0.026554 -0.000000
20004 160014 0.016392 -0.000000
20004 180016 0.009590 -0.000000
20004 200018 0.005844 -0.000000
20004 220020 0.004079 -0.000000
20004 240022 0.003251 -0.000000
20004 260024 0.003821 -0.000000
20004 90007 0.239033 -0.000000
20004 110009 0.068718 -0.000000
20004 130011 0.033465 -0.000000
20004 150013 0.021114 -0.000000
20004 170015 0.012669 -0.000000
20004 190017 0.007419 -0.000000
20004 210019 0.004748 -0.000000
20004 230021 0.003581 -0.000000
20004 250023 0.003098 -0.000000
20004 270025 0.005546 -0.000000
20005 110008 0.318989 -0.000000
20005 140011 0.083847 -0.000000
20005 170014 0.038457 -0.000000
20005 200017 0.016977 -0.000000
20005 230020 0.009567 -0.000000
20005 260023 0.008778 -0.000000
20005 290026 0.012794 -0.000000
20005 320029 0.005092 -0.000000
20005 350032 0.005078 -0.000000
20005 380035 0.004203 -0.000000
20005 120009 0.177428 -0.000000
20005 150012 0.064673 -0.000000
20005 180015 0.029179 -0.000000
20005 210018 0.013551 -0.000000
20005 240021 0.008493 -0.000000
20005 270024 0.011441 -0.000000
20005 300027 0.009630 -0.000000
20005 330030 0.004582 -0.000000
20005 360033 0.005144 -0.000000
20005 390036 0.003829 -0.000000
20005 130010 0.114568 -0.000000
20005 160013 0.050384 -0.000000
20005 190016 0.022158 -0.000000
20005 220019 0.011094 -0.000000
20005 250022 0.007835 -0.000000
20005 280025 0.013812 -0.000000
20005 310028 0.006453 -0.000000
20005 340031 0.004471 -0.000000
20005 370034 0.005178 -0.000000
20005 400037 0.003370 -0.000000
20007 170012 0.223305 -0.000000
20007 220017 0.052375 -0.000000
20007 270022 0.033984 -0.000000
20007 320027 0.024879 -0.000000
20007 370032 0.015952 -0.000000
20007 420037 0.009420 -0.000000
20007 470042 0.003344 -0.000000
20007 180013 0.165022 -0.000000
20007 230018 0.042007 -0.000000
20007 280023 0.037738 -0.000000
20007 330028 0.018222 -0.000000
20007 380033 0.014735 -0.000000
20007 430038 0.008431 -0.000000
20007 480043 0.003089 -0.000000
20007 190014 0.121852 -0.000000
20007 240019 0.034795 -0.000000
20007 290024 0.037927 -0.000000
20007 340029 0.015979 -0.000000
20007 390034 0.014086 -0.000000
20007 440039 0.006729 -0.000000
20007 200015 0.090566 -0.000000
20007 250020 0.030402 -0.000000
20007 300025 0.036913 -0.000000
20007 350030 0.015645 -0.000000
20007 400035 0.012582 -0.000000
20007 450040 0.005118 -0.000000
20007 210016 0.067989 -0.000000
20007 260021 0.030131 -0.000000
20007 310026 0.032707 -0.000000
20007 360031 0.015532 -0.000000
20007 410036 0.011412 -0.000000
20007 460041 0.003862 -0.000000
20008 200014 0.186473 -0.000000
20008 260020 0.049770 -0.000000
20008 320026 0.045168 -0.000000
20008 380032 0.022389 -0.000000
20008 440038 0.011304 -0.000000
20008 210015 0.137248 -0.000000
20008 270021 0.052817 -0.000000
20008 330027 0.035585 -0.000000
20008 390033 0.021618 -0.000000
20008 450039 0.009067 -0.000000
20008 220016 0.102416 -0.000000
20008 280022 0.056335 -0.000000
20008 340028 0.027171 -0.000000
20008 400034 0.020396 -0.000000
20008 460040 0.007034 -0.000000
20008 230017 0.078842 -0.000000
20008 290023 0.055663 -0.000000
20008 350029 0.024940 -0.000000
20008 410035 0.018152 -0.000000
20008 470041 0.005539 -0.000000
20008 240018 0.063333 -0.000000
20008 300024 0.053932 -0.000000
20008 360030 0.023746 -0.000000
20008 420036 0.015616 -0.000000
20008 480042 0.004984 -0.000000
20008 250019 0.052832 -0.000000
20008 310025 0.051590 -0.000000
20008 370031 0.023393 -0.000000
20008 430037 0.012889 -0.000000
30004 60005 1.236473 -0.000000
30004 70006 0.316157 -0.000000
30004 80007 0.111728 -0.000000
30004 90008 0.047995 -0.000000
30004 100009 0.026179 -0.000000
30004 110010 0.015865 -0.000000
30004 120011 0.011054 -0.000000
30004 130012 0.008500 -0.000000
30004 140013 0.006840 -0.000000
30004 150014 0.005244 -0.000000
30005 90007 0.564198 -0.000000
30005 110009 0.115242 -0.000000
30005 130011 0.048539 -0.000000
30005 150013 0.028756 -0.000000
30005 170015 0.016565 -0.000000
30005 190017 0.009378 -0.000000
30005 210019 0.005826 -0.000000
30005 230021 0.004271 -0.000000
30005 250023 0.003626 -0.000000
30005 270025 0.006395 -0.000000
30005 100008 0.224168 -0.000000
30005 120010 0.069408 -0.000000
30005 140012 0.037100 -0.000000
30005 160014 0.021881 -0.000000
30005 180016 0.012344 -0.000000
30005 200018 0.007285 -0.000000
30005 220020 0.004926 -0.000000
30005 240022 0.003857 -0.000000
30005 260024 0.004464 -0.000000
30005 280026 0.007166 -0.000000
30006 120009 0.318185 -0.000000
30006 150012 0.092447 -0.000000
30006 180015 0.038786 -0.000000
30006 210018 0.017081 -0.000000
30006 240021 0.010240 -0.000000
30006 270024 0.013489 -0.000000
30006 300027 0.011174 -0.000000
30006 330030 0.005249 -0.000000
30006 360033 0.005856 -0.000000
30006 390036 0.004349 -0.000000
30006 130010 0.183092 -0.000000
30006 160013 0.069995 -0.000000
30006 190016 0.028906 -0.000000
30006 220019 0.013779 -0.000000
30006 250022 0.009386 -0.000000
30006 280025 0.016214 -0.000000
30006 310028 0.007509 -0.000000
30006 340031 0.005147 -0.000000
30006 370034 0.005872 -0.000000
30006 400037 0.003792 -0.000000
30006 140011 0.125029 -0.000000
30006 170014 0.052217 -0.000000
30006 200017 0.021786 -0.000000
30006 230020 0.011742 -0.000000
30006 260023 0.010474 -0.000000
30006 290026 0.015016 -0.000000
30006 320029 0.005907 -0.000000
30006 350032 0.005847 -0.000000
30006 380035 0.004829 -0.000000
30006 410038 0.003947 -0.000000
30008 180013 0.224602 -0.000000
30008 230018 0.051218 -0.000000
30008 280023 0.043410 -0.000000
30008 330028 0.020531 -0.000000
30008 380033 0.016318 -0.000000
30008 430038 0.009145 -0.000000
30008 480043 0.003421 -0.000000
30008 190014 0.160992 -0.000000
30008 240019 0.041756 -0.000000
30008 290024 0.043356 -0.000000
30008 340029 0.017864 -0.000000
30008 390034 0.015528 -0.000000
30008 440039 0.007295 -0.000000
30008 200015 0.116857 -0.000000
30008 250020 0.036037 -0.000000
30008 300025 0.042056 -0.000000
30008 350030 0.017454 -0.000000
30008 400035 0.013759 -0.000000
30008 450040 0.005517 -0.000000
30008 210016 0.085882 -0.000000
30008 260021 0.035244 -0.000000
30008 310026 0.037132 -0.000000
30008 360031 0.017087 -0.000000
30008 410036 0.012359 -0.000000
30008 460041 0.004088 -0.000000
30008 220017 0.064924 -0.000000
30008 270022 0.039305 -0.000000
30008 320027 0.028108 -0.000000
30008 370032 0.017626 -0.000000
30008 420037 0.010245 -0.000000
30008 470042 0.003524 -0.000000
30009 210015 0.178168 -0.000000
30009 270021 0.061327 -0.000000
30009 330027 0.039996 -0.000000
30009 390033 0.023685 -0.000000
30009 450039 0.009729 -0.000000
30009 220016 0.129769 -0.000000
30009 280022 0.064789 -0.000000
30009 340028 0.030353 -0.000000
30009 400034 0.022242 -0.000000
30009 460040 0.007574 -0.000000
30009 230017 0.097725 -0.000000
30009 290023 0.063583 -0.000000
30009 350029 0.027763 -0.000000
30009 410035 0.019706 -0.000000
30009 470041 0.005975 -0.000000
30009 240018 0.077023 -0.000000
30009 300024 0.061390 -0.000000
30009 360030 0.026302 -0.000000
30009 420036 0.016933 -0.000000
30009 480042 0.005220 -0.000000
30009 250019 0.063184 -0.000000
30009 310025 0.058539 -0.000000
30009 370031 0.025754 -0.000000
30009 430037 0.013894 -0.000000
30009 260020 0.058629 -0.000000
30009 320026 0.051038 -0.000000
30009 380032 0.024643 -0.000000
30009 440038 0.012214 -0.000000
40005 70006 1.282953 -0.000000
40005 80007 0.302051 -0.000000
40005 90008 0.102168 -0.000000
40005 100009 0.047850 -0.000000
40005 110010 0.025784 -0.000000
40005 120011 0.016732 -0.000000
40005 130012 0.012246 -0.000000
40005 140013 0.009543 -0.000000
40005 150014 0.007156 -0.000000
40005 160015 0.005429 -0.000000
40006 100008 0.529819 -0.000000
40006 120010 0.116692 -0.000000
40006 140012 0.054556 -0.000000
40006 160014 0.030338 -0.000000
40006 180016 0.016407 -0.000000
40006 200018 0.009341 -0.000000
40006 220020 0.006124 -0.000000
40006 240022 0.004698 -0.000000
40006 260024 0.005342 -0.000000
40006 280026 0.008465 -0.000000
40006 110009 0.221090 -0.000000
40006 130011 0.075045 -0.000000
40006 150013 0.040862 -0.000000
40006 170015 0.022453 -0.000000
40006 190017 0.012204 -0.000000
40006 210019 0.007329 -0.000000
40006 230021 0.005235 -0.000000
40006 250023 0.004340 -0.000000
40006 270025 0.007569 -0.000000
40006 290027 0.006285 -0.000000
40007 130010 0.316399 -0.000000
40007 160013 0.098442 -0.000000
40007 190016 0.037947 -0.000000
40007 220019 0.017145 -0.000000
40007 250022 0.011288 -0.000000
40007 280025 0.019035 -0.000000
40007 310028 0.008689 -0.000000
40007 340031 0.005902 -0.000000
40007 370034 0.006646 -0.000000
40007 400037 0.004272 -0.000000
40007 140011 0.193919 -0.000000
40007 170014 0.071417 -0.000000
40007 200017 0.028036 -0.000000
40007 230020 0.014378 -0.000000
40007 260023 0.012401 -0.000000
40007 290026 0.017467 -0.000000
40007 320029 0.006736 -0.000000
40007 350032 0.006585 -0.000000
40007 380035 0.005342 -0.000000
40007 410038 0.004270 -0.000000
40007 150012 0.134992 -0.000000
40007 180015 0.051937 -0.000000
40007 210018 0.021637 -0.000000
40007 240021 0.012474 -0.000000
40007 270024 0.015945 -0.000000
40007 300027 0.013035 -0.000000
40007 330030 0.006011 -0.000000
40007 360033 0.006688 -0.000000
40007 390036 0.004879 -0.000000
40007 420039 0.003479 -0.000000
40009 190014 0.217384 -0.000000
40009 240019 0.050269 -0.000000
40009 290024 0.049414 -0.000000
40009 340029 0.019985 -0.000000
40009 390034 0.016941 -0.000000
40009 440039 0.007881 -0.000000
40009 200015 0.152898 -0.000000
40009 250020 0.042730 -0.000000
40009 300025 0.047749 -0.000000
40009 350030 0.019299 -0.000000
40009 400035 0.014920 -0.000000
40009 450040 0.005904 -0.000000
40009 210016 0.109561 -0.000000
40009 260021 0.041205 -0.000000
40009 310026 0.041929 -0.000000
40009 360031 0.018974 -0.000000
40009 410036 0.013524 -0.000000
40009 460041 0.004337 -0.000000
40009 220017 0.080993 -0.000000
40009 270022 0.045403 -0.000000
40009 320027 0.031605 -0.000000
40009 370032 0.019397 -0.000000
40009 420037 0.011071 -0.000000
40009 470042 0.003862 -0.000000
40009 230018 0.062659 -0.000000
40009 280023 0.049659 -0.000000
40009 330028 0.022981 -0.000000
40009 380033 0.017957 -0.000000
40009 430038 0.009877 -0.000000
40009 480043 0.003551 -0.000000
40010 220016 0.170038 -0.000000
40010 280022 0.075743 -0.000000
40010 340028 0.034335 -0.000000
40010 400034 0.024570 -0.000000
40010 460040 0.008213 -0.000000
40010 230017 0.124767 -0.000000
40010 290023 0.073922 -0.000000
40010 350029 0.031310 -0.000000
40010 410035 0.021760 -0.000000
40010 470041 0.006462 -0.000000
40010 240018 0.096129 -0.000000
40010 300024 0.070923 -0.000000
40010 360030 0.029464 -0.000000
40010 420036 0.018627 -0.000000
40010 480042 0.005734 -0.000000
40010 250019 0.077312 -0.000000
40010 310025 0.067243 -0.000000
40010 370031 0.028813 -0.000000
40010 430037 0.015080 -0.000000
40010 260020 0.070489 -0.000000
40010 320026 0.058457 -0.000000
40010 380032 0.027393 -0.000000
40010 440038 0.013325 -0.000000
40010 270021 0.072522 -0.000000
40010 330027 0.045416 -0.000000
40010 390033 0.026151 -0.000000
40010 450039 0.010520 -0.000000
50006 80007 1.255999 -0.000000
50006 90008 0.278833 -0.000000
50006 100009 0.100921 -0.000000
50006 110010 0.047038 -0.000000
50006 120011 0.027348 -0.000000
50006 130012 0.018749 -0.000000
50006 140013 0.013999 -0.000000
50006 150014 0.010210 -0.000000
50006 160015 0.007554 -0.000000
50006 170016 0.005459 -0.000000
50007 110009 0.500891 -0.000000
50007 130011 0.121267 -0.000000
50007 150013 0.058588 -0.000000
50007 170015 0.030485 -0.000000
50007 190017 0.015951 -0.000000
50007 210019 0.009258 -0.000000
50007 230021 0.006435 -0.000000
50007 250023 0.005236 -0.000000
50007 270025 0.008991 -0.000000
50007 290027 0.007393 -0.000000
50007 120010 0.214195 -0.000000
50007 140012 0.081717 -0.000000
50007 160014 0.042128 -0.000000
50007 180016 0.021785 -0.000000
50007 200018 0.011966 -0.000000
50007 220020 0.007585 -0.000000
50007 240022 0.005663 -0.000000
50007 260024 0.006317 -0.000000
50007 280026 0.009934 -0.000000
50007 300028 0.004618 -0.000000
50008 140011 0.314794 -0.000000
50008 170014 0.095941 -0.000000
50008 200017 0.035133 -0.000000
50008 230020 0.017148 -0.000000
50008 260023 0.014299 -0.000000
50008 290026 0.019737 -0.000000
50008 320029 0.007517 -0.000000
50008 350032 0.007262 -0.000000
50008 380035 0.005912 -0.000000
50008 410038 0.004488 -0.000000
50008 150012 0.198605 -0.000000
50008 180015 0.067925 -0.000000
50008 210018 0.026604 -0.000000
50008 240021 0.014670 -0.000000
50008 270024 0.018193 -0.000000
50008 300027 0.014722 -0.000000
50008 330030 0.006656 -0.000000
50008 360033 0.007289 -0.000000
50008 390036 0.005158 -0.000000
50008 420039 0.003680 -0.000000
50008 160013 0.136971 -0.000000
50008 190016 0.048483 -0.000000
50008 220019 0.020753 -0.000000
50008 250022 0.013146 -0.000000
50008 280025 0.021582 -0.000000
50008 310028 0.009723 -0.000000
50008 340031 0.006444 -0.000000
50008 370034 0.007160 -0.000000
50008 400037 0.004586 -0.000000
50008 430040 0.002713 -0.000000
50010 200015 0.209349 -0.000000
50010 250020 0.051755 -0.000000
50010 300025 0.054956 -0.000000
50010 350030 0.021674 -0.000000
50010 400035 0.016469 -0.000000
50010 450040 0.006410 -0.000000
50010 210016 0.144870 -0.000000
50010 260021 0.049126 -0.000000
50010 310026 0.048050 -0.000000
50010 360031 0.021187 -0.000000
50010 410036 0.014742 -0.000000
50010 460041 0.004732 -0.000000
50010 220017 0.104226 -0.000000
50010 270022 0.053301 -0.000000
50010 320027 0.036000 -0.000000
50010 370032 0.021613 -0.000000
50010 420037 0.012096 -0.000000
50010 470042 0.004106 -0.000000
50010 230018 0.078772 -0.000000
50010 280023 0.057750 -0.000000
50010 330028 0.026032 -0.000000
50010 380033 0.019867 -0.000000
50010 430038 0.010757 -0.000000
50010 480043 0.003825 -0.000000
50010 240019 0.061888 -0.000000
50010 290024 0.057012 -0.000000
50010 340029 0.022401 -0.000000
50010 390034 0.018683 -0.000000
50010 440039 0.008458 -0.000000
50011 230017 0.161633 -0.000000
50011 290023 0.085898 -0.000000
50011 350029 0.035139 -0.000000
50011 410035 0.023828 -0.000000
50011 470041 0.006876 -0.000000
50011 240018 0.121346 -0.000000
50011 300024 0.081980 -0.000000
50011 360030 0.032933 -0.000000
50011 420036 0.020325 -0.000000
50011 480042 0.006053 -0.000000
50011 250019 0.095446 -0.000000
50011 310025 0.077455 -0.000000
50011 370031 0.032071 -0.000000
50011 430037 0.016440 -0.000000
50011 260020 0.085279 -0.000000
50011 320026 0.066997 -0.000000
50011 380032 0.030506 -0.000000
50011 440038 0.014460 -0.000000
50011 270021 0.086221 -0.000000
50011 330027 0.051854 -0.000000
50011 390033 0.029156 -0.000000
50011 450039 0.011515 -0.000000
50011 280022 0.088838 -0.000000
50011 340028 0.038796 -0.000000
50011 400034 0.027198 -0.000000
50011 460040 0.008897 -0.000000
60007 90008 1.136478 -0.000000
60007 100009 0.259420 -0.000000
60007 110010 0.093443 -0.000000
60007 120011 0.046583 -0.000000
60007 130012 0.028766 -0.000000
60007 140013 0.020199 -0.000000
60007 150014 0.014156 -0.000000
60007 160015 0.010214 -0.000000
60007 170016 0.007236 -0.000000
60007 180017 0.005112 -0.000000
60008 120010 0.451077 -0.000000
60008 140012 0.122548 -0.000000
60008 160014 0.056463 -0.000000
60008 180016 0.027615 -0.000000
60008 200018 0.014566 -0.000000
60008 220020 0.008923 -0.000000
60008 240022 0.006498 -0.000000
60008 260024 0.007119 -0.000000
60008 280026 0.011046 -0.000000
60008 300028 0.005082 -0.000000
60008 130011 0.205993 -0.000000
60008 150013 0.081915 -0.000000
60008 170015 0.039613 -0.000000
60008 190017 0.019770 -0.000000
60008 210019 0.011039 -0.000000
60008 230021 0.007462 -0.000000
60008 250023 0.005930 -0.000000
60008 270025 0.010012 -0.000000
60008 290027 0.008139 -0.000000
60008 310029 0.003901 -0.000000
60009 150012 0.317720 -0.000000
60009 180015 0.089693 -0.000000
60009 210018 0.032590 -0.000000
60009 240021 0.017094 -0.000000
60009 270024 0.020476 -0.000000
60009 300027 0.016222 -0.000000
60009 330030 0.007256 -0.000000
60009 360033 0.007839 -0.000000
60009 390036 0.005655 -0.000000
60009 420039 0.003866 -0.000000
60009 160013 0.198789 -0.000000
60009 190016 0.062174 -0.000000
60009 220019 0.024927 -0.000000
60009 250022 0.015102 -0.000000
60009 280025 0.024096 -0.000000
60009 310028 0.010689 -0.000000
60009 340031 0.006991 -0.000000
60009 370034 0.007785 -0.000000
60009 400037 0.004918 -0.000000
60009 430040 0.002898 -0.000000
60009 170014 0.131577 -0.000000
60009 200017 0.043968 -0.000000
60009 230020 0.020264 -0.000000
60009 260023 0.016243 -0.000000
60009 290026 0.021989 -0.000000
60009 320029 0.008199 -0.000000
60009 350032 0.007835 -0.000000
60009 380035 0.006232 -0.000000
60009 410038 0.004915 -0.000000
60009 440041 0.001949 -0.000000
60011 210016 0.195540 -0.000000
60011 260021 0.058583 -0.000000
60011 310026 0.054847 -0.000000
60011 360031 0.023476 -0.000000
60011 410036 0.016055 -0.000000
60011 460041 0.005017 -0.000000
60011 220017 0.135899 -0.000000
60011 270022 0.062564 -0.000000
60011 320027 0.040819 -0.000000
60011 370032 0.023829 -0.000000
60011 420037 0.013054 -0.000000
60011 470042 0.004371 -0.000000
60011 230018 0.099917 -0.000000
60011 280023 0.066993 -0.000000
60011 330028 0.029313 -0.000000
60011 380033 0.021830 -0.000000
60011 430038 0.011560 -0.000000
60011 480043 0.004069 -0.000000
60011 240019 0.076721 -0.000000
60011 290024 0.065758 -0.000000
60011 340029 0.025098 -0.000000
60011 390034 0.020495 -0.000000
60011 440039 0.009085 -0.000000
60011 250020 0.062928 -0.000000
60011 300025 0.063001 -0.000000
60011 350030 0.024112 -0.000000
60011 400035 0.017959 -0.000000
60011 450040 0.006815 -0.000000
60012 240018 0.157605 -0.000000
60012 300024 0.095956 -0.000000
60012 360030 0.037159 -0.000000
60012 420036 0.022341 -0.000000
60012 480042 0.006522 -0.000000
60012 250019 0.120631 -0.000000
60012 310025 0.090224 -0.000000
60012 370031 0.036029 -0.000000
60012 430037 0.018051 -0.000000
60012 260020 0.105141 -0.000000
60012 320026 0.077579 -0.000000
60012 380032 0.034099 -0.000000
60012 440038 0.015770 -0.000000
60012 270021 0.103970 -0.000000
60012 330027 0.059559 -0.000000
60012 390033 0.032418 -0.000000
60012 450039 0.012501 -0.000000
60012 280022 0.105633 -0.000000
60012 340028 0.044346 -0.000000
60012 400034 0.030124 -0.000000
60012 460040 0.009641 -0.000000
60012 290023 0.101216 -0.000000
60012 350029 0.039820 -0.000000
60012 410035 0.026342 -0.000000
60012 470041 0.007423 -0.000000
70008 100009 1.003498 -0.000000
70008 110010 0.225294 -0.000000
70008 120011 0.085445 -0.000000
70008 130012 0.045407 -0.000000
70008 140013 0.028615 -0.000000
70008 150014 0.018955 -0.000000
70008 160015 0.013138 -0.000000
70008 170016 0.009031 -0.000000
70008 180017 0.006241 -0.000000
70008 190018 0.004587 -0.000000
70009 130011 0.434894 -0.000000
70009 150013 0.122661 -0.000000
70009 170015 0.052793 -0.000000
70009 190017 0.024775 -0.000000
70009 210019 0.013219 -0.000000
70009 230021 0.008639 -0.000000
70009 250023 0.006682 -0.000000
70009 270025 0.011056 -0.000000
70009 290027 0.008880 -0.000000
70009 310029 0.004219 -0.000000
70009 140012 0.207466 -0.000000
70009 160014 0.078793 -0.000000
70009 180016 0.035571 -0.000000
70009 200018 0.017816 -0.000000
70009 220020 0.010508 -0.000000
70009 240022 0.007410 -0.000000
70009 260024 0.007923 -0.000000
70009 280026 0.012111 -0.000000
70009 300028 0.005514 -0.000000
70009 320030 0.003343 -0.000000
70010 160013 0.327911 -0.000000
70010 190016 0.083982 -0.000000
70010 220019 0.031055 -0.000000
70010 250022 0.017883 -0.000000
70010 280025 0.027648 -0.000000
70010 310028 0.012048 -0.000000
70010 340031 0.007811 -0.000000
70010 370034 0.008587 -0.000000
70010 400037 0.005280 -0.000000
70010 430040 0.003115 -0.000000
70010 170014 0.196656 -0.000000
70010 200017 0.057633 -0.000000
70010 230020 0.024753 -0.000000
70010 260023 0.018966 -0.000000
70010 290026 0.025018 -0.000000
70010 320029 0.009238 -0.000000
70010 350032 0.008667 -0.000000
70010 380035 0.006856 -0.000000
70010 410038 0.005240 -0.000000
70010 440041 0.002080 -0.000000
70010 180015 0.126384 -0.000000
70010 210018 0.041529 -0.000000
70010 240021 0.020514 -0.000000
70010 270024 0.023616 -0.000000
70010 300027 0.018341 -0.000000
70010 330030 0.008100 -0.000000
70010 360033 0.008679 -0.000000
70010 390036 0.006144 -0.000000
70010 420039 0.004198 -0.000000
70010 450042 0.001577 -0.000000
70012 220017 0.185234 -0.000000
70012 270022 0.075012 -0.000000
70012 320027 0.047100 -0.000000
70012 370032 0.026712 -0.000000
70012 420037 0.014289 -0.000000
70012 470042 0.004697 -0.000000
70012 230018 0.131466 -0.000000
70012 280023 0.079529 -0.000000
70012 330028 0.033715 -0.000000
70012 380033 0.024622 -0.000000
70012 430038 0.012844 -0.000000
70012 480043 0.004482 -0.000000
70012 240019 0.098035 -0.000000
70012 290024 0.077271 -0.000000
70012 340029 0.028598 -0.000000
70012 390034 0.022827 -0.000000
70012 440039 0.009941 -0.000000
70012 250020 0.078565 -0.000000
70012 300025 0.073566 -0.000000
70012 350030 0.027245 -0.000000
70012 400035 0.019877 -0.000000
70012 450040 0.007420 -0.000000
70012 260021 0.071619 -0.000000
70012 310026 0.063687 -0.000000
70012 360031 0.026424 -0.000000
70012 410036 0.017662 -0.000000
70012 460041 0.005447 -0.000000
70013 250019 0.158079 -0.000000
70013 310025 0.107252 -0.000000
70013 370031 0.041153 -0.000000
70013 430037 0.020051 -0.000000
70013 260020 0.133704 -0.000000
70013 320026 0.091648 -0.000000
70013 380032 0.038808 -0.000000
70013 440038 0.017481 -0.000000
70013 270021 0.128862 -0.000000
70013 330027 0.069813 -0.000000
70013 390033 0.036701 -0.000000
70013 450039 0.013827 -0.000000
70013 280022 0.128594 -0.000000
70013 340028 0.051540 -0.000000
70013 400034 0.033976 -0.000000
70013 460040 0.010566 -0.000000
70013 290023 0.121892 -0.000000
70013 350029 0.045943 -0.000000
70013 410035 0.029511 -0.000000
70013 470041 0.008114 -0.000000
70013 300024 0.114729 -0.000000
70013 360030 0.042552 -0.000000
70013 420036 0.024958 -0.000000
70013 480042 0.007116 -0.000000
80009 110010 0.923284 -0.000000
80009 120011 0.217102 -0.000000
80009 130012 0.086827 -0.000000
80009 140013 0.047050 -0.000000
80009 150014 0.028261 -0.000000
80009 160015 0.018463 -0.000000
80009 170016 0.012154 -0.000000
80009 180017 0.008153 -0.000000
80009 190018 0.005821 -0.000000
80009 200019 0.004102 -0.000000
80010 140012 0.459452 -0.000000
80010 160014 0.125285 -0.000000
80010 180016 0.050204 -0.000000
80010 200018 0.023589 -0.000000
80010 220020 0.013296 -0.000000
80010 240022 0.009087 -0.000000
80010 260024 0.009428 -0.000000
80010 280026 0.014143 -0.000000
80010 300028 0.006345 -0.000000
80010 320030 0.003806 -0.000000
80010 150013 0.219475 -0.000000
80010 170015 0.078144 -0.000000
80010 190017 0.033767 -0.000000
80010 210019 0.017101 -0.000000
80010 230021 0.010737 -0.000000
80010 250023 0.008069 -0.000000
80010 270025 0.013044 -0.000000
80010 290027 0.010318 -0.000000
80010 310029 0.004842 -0.000000
80010 330031 0.003558 -0.000000
80011 170014 0.323439 -0.000000
80011 200017 0.078218 -0.000000
80011 230020 0.031126 -0.000000
80011 260023 0.022693 -0.000000
80011 290026 0.029140 -0.000000
80011 320029 0.010557 -0.000000
80011 350032 0.009748 -0.000000
80011 380035 0.007600 -0.000000
80011 410038 0.005762 -0.000000
80011 440041 0.002239 -0.000000
80011 180015 0.189365 -0.000000
80011 210018 0.054694 -0.000000
80011 240021 0.025345 -0.000000
80011 270024 0.027885 -0.000000
80011 300027 0.021229 -0.000000
80011 330030 0.009211 -0.000000
80011 360033 0.009694 -0.000000
80011 390036 0.006782 -0.000000
80011 420039 0.004537 -0.000000
80011 450042 0.001715 -0.000000
80011 190016 0.118648 -0.000000
80011 220019 0.039851 -0.000000
80011 250022 0.021723 -0.000000
80011 280025 0.032361 -0.000000
80011 310028 0.013818 -0.000000
80011 340031 0.008799 -0.000000
80011 370034 0.009541 -0.000000
80011 400037 0.005787 -0.000000
80011 430040 0.003338 -0.000000
80011 460043 0.001495 -0.000000
80013 230018 0.182553 -0.000000
80013 280023 0.097162 -0.000000
80013 330028 0.039655 -0.000000
80013 380033 0.028111 -0.000000
80013 430038 0.014228 -0.000000
80013 480043 0.004810 -0.000000
80013 240019 0.131267 -0.000000
80013 290024 0.093781 -0.000000
80013 340029 0.033540 -0.000000
80013 390034 0.026114 -0.000000
80013 440039 0.011115 -0.000000
80013 250020 0.102325 -0.000000
80013 300025 0.088826 -0.000000
80013 350030 0.031775 -0.000000
80013 400035 0.022650 -0.000000
80013 450040 0.008263 -0.000000
80013 260021 0.090909 -0.000000
80013 310026 0.076337 -0.000000
80013 360031 0.030592 -0.000000
80013 410036 0.019977 -0.000000
80013 460041 0.006004 -0.000000
80013 270022 0.093473 -0.000000
80013 320027 0.056212 -0.000000
80013 370032 0.030947 -0.000000
80013 420037 0.016215 -0.000000
80013 470042 0.005217 -0.000000
80014 260020 0.177595 -0.000000
80014 320026 0.111608 -0.000000
80014 380032 0.045370 -0.000000
80014 440038 0.019861 -0.000000
80014 270021 0.165987 -0.000000
80014 330027 0.084262 -0.000000
80014 390033 0.042640 -0.000000
80014 450039 0.015607 -0.000000
80014 280022 0.162179 -0.000000
80014 340028 0.061643 -0.000000
80014 400034 0.039330 -0.000000
80014 460040 0.011952 -0.000000
80014 290023 0.152266 -0.000000
80014 350029 0.054691 -0.000000
80014 410035 0.034103 -0.000000
80014 470041 0.009112 -0.000000
80014 300024 0.142608 -0.000000
80014 360030 0.050539 -0.000000
80014 420036 0.028839 -0.000000
80014 480042 0.008014 -0.000000
80014 310025 0.132932 -0.000000
80014 370031 0.048792 -0.000000
80014 430037 0.023188 -0.000000
90010 120011 0.943391 -0.000000
90010 130012 0.230630 -0.000000
90010 140013 0.095230 -0.000000
90010 150014 0.049179 -0.000000
90010 160015 0.029362 -0.000000
90010 170016 0.018201 -0.000000
90010 180017 0.011697 -0.000000
90010 190018 0.008101 -0.000000
90010 200019 0.005571 -0.000000
90010 210020 0.004227 -0.000000
90011 150013 0.468975 -0.000000
90011 170015 0.123267 -0.000000
90011 190017 0.047577 -0.000000
90011 210019 0.022665 -0.000000
90011 230021 0.013655 -0.000000
90011 250023 0.009962 -0.000000
90011 270025 0.015685 -0.000000
90011 290027 0.012267 -0.000000
90011 310029 0.005690 -0.000000
90011 330031 0.004126 -0.000000
90011 160014 0.219844 -0.000000
90011 180016 0.073622 -0.000000
90011 200018 0.032023 -0.000000
90011 220020 0.017176 -0.000000
90011 240022 0.011319 -0.000000
90011 260024 0.011428 -0.000000
90011 280026 0.016806 -0.000000
90011 300028 0.007476 -0.000000
90011 320030 0.004452 -0.000000
90011 340032 0.004369 -0.000000
90012 180015 0.319601 -0.000000
90012 210018 0.075602 -0.000000
90012 240021 0.032430 -0.000000
90012 270024 0.034012 -0.000000
90012 300027 0.025338 -0.000000
90012 330030 0.010784 -0.000000
90012 360033 0.011196 -0.000000
90012 390036 0.007764 -0.000000
90012 420039 0.005153 -0.000000
90012 450042 0.001936 -0.000000
90012 190016 0.182773 -0.000000
90012 220019 0.053814 -0.000000
90012 250022 0.027566 -0.000000
90012 280025 0.039447 -0.000000
90012 310028 0.016516 -0.000000
90012 340031 0.010352 -0.000000
90012 370034 0.011027 -0.000000
90012 400037 0.006636 -0.000000
90012 430040 0.003783 -0.000000
90012 460043 0.001660 -0.000000
90012 200017 0.112631 -0.000000
90012 230020 0.040691 -0.000000
90012 260023 0.028092 -0.000000
90012 290026 0.035011 -0.000000
90012 320029 0.012456 -0.000000
90012 350032 0.011344 -0.000000
90012 380035 0.008717 -0.000000
90012 410038 0.006525 -0.000000
90012 440041 0.002494 -0.000000
90012 470044 0.001681 -0.000000
90014 240019 0.187485 -0.000000
90014 290024 0.118820 -0.000000
90014 340029 0.040909 -0.000000
90014 390034 0.031054 -0.000000
90014 440039 0.012895 -0.000000
90014 250020 0.139545 -0.000000
90014 300025 0.110706 -0.000000
90014 350030 0.038112 -0.000000
90014 400035 0.026513 -0.000000
90014 450040 0.009490 -0.000000
90014 260021 0.119889 -0.000000
90014 310026 0.094209 -0.000000
90014 360031 0.036452 -0.000000
90014 410036 0.023269 -0.000000
90014 460041 0.006833 -0.000000
90014 270022 0.119931 -0.000000
90014 320027 0.068678 -0.000000
90014 370032 0.036524 -0.000000
90014 420037 0.018746 -0.000000
90014 470042 0.005925 -0.000000
90014 280023 0.122730 -0.000000
90014 330028 0.048075 -0.000000
90014 380033 0.033134 -0.000000
90014 430038 0.016406 -0.000000
90014 480043 0.005395 -0.000000
90015 270021 0.217550 -0.000000
90015 330027 0.102682 -0.000000
90015 390033 0.049988 -0.000000
90015 450039 0.017660 -0.000000
90015 280022 0.207716 -0.000000
90015 340028 0.074536 -0.000000
90015 400034 0.045957 -0.000000
90015 460040 0.013603 -0.000000
90015 290023 0.190775 -0.000000
90015 350029 0.064890 -0.000000
90015 410035 0.039189 -0.000000
90015 470041 0.010164 -0.000000
90015 300024 0.175858 -0.000000
90015 360030 0.059266 -0.000000
90015 420036 0.032781 -0.000000
90015 480042 0.008817 -0.000000
90015 310025 0.162767 -0.000000
90015 370031 0.056900 -0.000000
90015 430037 0.026261 -0.000000
90015 320026 0.138154 -0.000000
90015 380032 0.053623 -0.000000
90015 440038 0.022852 -0.000000
100011 130012 0.922849 -0.000000
100011 140013 0.233817 -0.000000
100011 150014 0.095087 -0.000000
100011 160015 0.048916 -0.000000
100011 170016 0.027681 -0.000000
100011 180017 0.016859 -0.000000
100011 190018 0.011211 -0.000000
100011 200019 0.007465 -0.000000
100011 210020 0.005536 -0.000000
100011 220021 0.004242 -0.000000
100012 160014 0.482522 -0.000000
100012 180016 0.116938 -0.000000
100012 200018 0.045208 -0.000000
100012 220020 0.022781 -0.000000
100012 240022 0.014422 -0.000000
100012 260024 0.014073 -0.000000
100012 280026 0.020284 -0.000000
100012 300028 0.008909 -0.000000
100012 320030 0.005236 -0.000000
100012 340032 0.005136 -0.000000
100012 170015 0.220342 -0.000000
100012 190017 0.071279 -0.000000
100012 210019 0.030966 -0.000000
100012 230021 0.017730 -0.000000
100012 250023 0.012475 -0.000000
100012 270025 0.019149 -0.000000
100012 290027 0.014681 -0.000000
100012 310029 0.006706 -0.000000
100012 330031 0.004815 -0.000000
100012 350033 0.005636 -0.000000
100013 190016 0.312809 -0.000000
100013 220019 0.074926 -0.000000
100013 250022 0.035534 -0.000000
100013 280025 0.048566 -0.000000
100013 310028 0.019895 -0.000000
100013 340031 0.012271 -0.000000
100013 370034 0.012862 -0.000000
100013 400037 0.007622 -0.000000
100013 430040 0.004297 -0.000000
100013 460043 0.001916 -0.000000
100013 200017 0.177244 -0.000000
100013 230020 0.055828 -0.000000
100013 260023 0.036047 -0.000000
100013 290026 0.043523 -0.000000
100013 320029 0.015132 -0.000000
100013 350032 0.013542 -0.000000
100013 380035 0.010241 -0.000000
100013 410038 0.007612 -0.000000
100013 440041 0.002851 -0.000000
100013 470044 0.001902 -0.000000
100013 210018 0.112073 -0.000000
100013 240021 0.043508 -0.000000
100013 270024 0.043097 -0.000000
100013 300027 0.031354 -0.000000
100013 330030 0.013050 -0.000000
100013 360033 0.013355 -0.000000
100013 390036 0.009055 -0.000000
100013 420039 0.005954 -0.000000
100013 450042 0.002190 -0.000000
100013 480045 0.001975 -0.000000
100015 250020 0.192953 -0.000000
100015 300025 0.137269 -0.000000
100015 350030 0.045265 -0.000000
100015 400035 0.030745 -0.000000
100015 450040 0.010720 -0.000000
100015 260021 0.159304 -0.000000
100015 310026 0.115775 -0.000000
100015 360031 0.043014 -0.000000
100015 410036 0.026770 -0.000000
100015 460041 0.007556 -0.000000
100015 270022 0.154442 -0.000000
100015 320027 0.083561 -0.000000
100015 370032 0.042924 -0.000000
100015 420037 0.021424 -0.000000
100015 470042 0.006523 -0.000000
100015 280023 0.155308 -0.000000
100015 330028 0.057924 -0.000000
100015 380033 0.038733 -0.000000
100015 430038 0.018719 -0.000000
100015 480043 0.006032 -0.000000
100015 290024 0.074700 -0.000000
100015 340029 0.024579 -0.000000
100015 390034 0.018153 -0.000000
100015 440039 0.007368 -0.000000
100016 280022 0.266743 -0.000000
100016 340028 0.089266 -0.000000
100016 400034 0.053081 -0.000000
100016 460040 0.015146 -0.000000
100016 290023 0.241401 -0.000000
100016 350029 0.077528 -0.000000
100016 410035 0.045292 -0.000000
100016 470041 0.011462 -0.000000
100016 300024 0.220144 -0.000000
100016 360030 0.070269 -0.000000
100016 420036 0.037736 -0.000000
100016 480042 0.009957 -0.000000
100016 310025 0.201277 -0.000000
100016 370031 0.066850 -0.000000
100016 430037 0.029895 -0.000000
100016 320026 0.168163 -0.000000
100016 380032 0.062241 -0.000000
100016 440038 0.025771 -0.000000
100016 330027 0.124602 -0.000000
100016 390033 0.058023 -0.000000
100016 450039 0.019996 -0.000000
110012 140013 0.957026 -0.000000
110012 150014 0.241005 -0.000000
110012 160015 0.096302 -0.000000
110012 170016 0.046742 -0.000000
110012 180017 0.025818 -0.000000
110012 190018 0.016206 -0.000000
110012 200019 0.010332 -0.000000
110012 210020 0.007448 -0.000000
110012 220021 0.005574 -0.000000
110012 230022 0.004418 -0.000000
110013 170015 0.493472 -0.000000
110013 190017 0.113060 -0.000000
110013 210019 0.043891 -0.000000
110013 230021 0.023682 -0.000000
110013 250023 0.015961 -0.000000
110013 270025 0.023729 -0.000000
110013 290027 0.017889 -0.000000
110013 310029 0.008089 -0.000000
110013 330031 0.005733 -0.000000
110013 350033 0.006613 -0.000000
110013 180016 0.212628 -0.000000
110013 200018 0.067802 -0.000000
110013 220020 0.031367 -0.000000
110013 240022 0.018916 -0.000000
110013 260024 0.017760 -0.000000
110013 280026 0.025028 -0.000000
110013 300028 0.010800 -0.000000
110013 320030 0.006238 -0.000000
110013 340032 0.006046 -0.000000
110013 360034 0.006392 -0.000000
110014 200017 0.305065 -0.000000
110014 230020 0.077665 -0.000000
110014 260023 0.046330 -0.000000
110014 290026 0.053869 -0.000000
110014 320029 0.018323 -0.000000
110014 350032 0.016126 -0.000000
110014 380035 0.012074 -0.000000
110014 410038 0.008809 -0.000000
110014 440041 0.003326 -0.000000
110014 470044 0.002193 -0.000000
110014 210018 0.173226 -0.000000
110014 240021 0.058570 -0.000000
110014 270024 0.054145 -0.000000
110014 300027 0.038305 -0.000000
110014 330030 0.015605 -0.000000
110014 360033 0.015739 -0.000000
110014 390036 0.010529 -0.000000
110014 420039 0.006836 -0.000000
110014 450042 0.002503 -0.000000
110014 480045 0.002201 -0.000000
110014 220019 0.109626 -0.000000
110014 250022 0.047100 -0.000000
110014 280025 0.060961 -0.000000
110014 310028 0.024361 -0.000000
110014 340031 0.014688 -0.000000
110014 370034 0.015230 -0.000000
110014 400037 0.008804 -0.000000
110014 430040 0.004957 -0.000000
110014 460043 0.002138 -0.000000
110016 260021 0.217199 -0.000000
110016 310026 0.143446 -0.000000
110016 360031 0.050945 -0.000000
110016 410036 0.030926 -0.000000
110016 460041 0.008621 -0.000000
110016 270022 0.202759 -0.000000
110016 320027 0.102573 -0.000000
110016 370032 0.050620 -0.000000
110016 420037 0.024533 -0.000000
110016 470042 0.007402 -0.000000
110016 280023 0.198545 -0.000000
110016 330028 0.070386 -0.000000
110016 380033 0.045541 -0.000000
110016 430038 0.021346 -0.000000
110016 480043 0.006771 -0.000000
110016 290024 0.099698 -0.000000
110016 340029 0.031286 -0.000000
110016 390034 0.022484 -0.000000
110016 440039 0.008889 -0.000000
110016 300025 0.171035 -0.000000
110016 350030 0.053779 -0.000000
110016 400035 0.035589 -0.000000
110016 450040 0.012100 -0.000000
110017 290023 0.310437 -0.000000
110017 350029 0.092874 -0.000000
110017 410035 0.052267 -0.000000
110017 470041 0.012794 -0.000000
110017 300024 0.278863 -0.000000
110017 360030 0.083473 -0.000000
110017 420036 0.043341 -0.000000
110017 480042 0.011061 -0.000000
110017 310025 0.252241 -0.000000
110017 370031 0.078835 -0.000000
110017 430037 0.034099 -0.000000
110017 320026 0.208605 -0.000000
110017 380032 0.073128 -0.000000
110017 440038 0.029318 -0.000000
110017 330027 0.152698 -0.000000
110017 390033 0.067751 -0.000000
110017 450039 0.022631 -0.000000
110017 340028 0.108055 -0.000000
110017 400034 0.061561 -0.000000
110017 460040 0.017067 -0.000000
120013 150014 0.988436 -0.000000
120013 160015 0.255455 -0.000000
120013 170016 0.094993 -0.000000
120013 180017 0.045547 -0.000000
120013 190018 0.025806 -0.000000
120013 200019 0.015469 -0.000000
120013 210020 0.010640 -0.000000
120013 220021 0.007736 -0.000000
120013 230022 0.005976 -0.000000
120013 240023 0.004860 -0.000000
120014 180016 0.491685 -0.000000
120014 200018 0.112492 -0.000000
120014 220020 0.045780 -0.000000
120014 240022 0.025966 -0.000000
120014 260024 0.023255 -0.000000
120014 280026 0.031939 -0.000000
120014 300028 0.013539 -0.000000
120014 320030 0.007728 -0.000000
120014 340032 0.007408 -0.000000
120014 360034 0.007718 -0.000000
120014 190017 0.212123 -0.000000
120014 210019 0.067337 -0.000000
120014 230021 0.033383 -0.000000
120014 250023 0.021388 -0.000000
120014 270025 0.030605 -0.000000
120014 290027 0.022618 -0.000000
120014 310029 0.010027 -0.000000
120014 330031 0.007046 -0.000000
120014 350033 0.008008 -0.000000
120014 370035 0.006807 -0.000000
120015 210018 0.295325 -0.000000
120015 240021 0.081062 -0.000000
120015 270024 0.069250 -0.000000
120015 300027 0.047408 -0.000000
120015 330030 0.018820 -0.000000
120015 360033 0.018653 -0.000000
120015 390036 0.012269 -0.000000
120015 420039 0.007840 -0.000000
120015 450042 0.002819 -0.000000
120015 480045 0.002460 -0.000000
120015 220019 0.168093 -0.000000
120015 250022 0.063283 -0.000000
120015 280025 0.076883 -0.000000
120015 310028 0.029849 -0.000000
120015 340031 0.017598 -0.000000
120015 370034 0.017948 -0.000000
120015 400037 0.010208 -0.000000
120015 430040 0.005625 -0.000000
120015 460043 0.002408 -0.000000
120015 230020 0.111558 -0.000000
120015 260023 0.060718 -0.000000
120015 290026 0.067123 -0.000000
120015 320029 0.022186 -0.000000
120015 350032 0.019107 -0.000000
120015 380035 0.014093 -0.000000
120015 410038 0.010034 -0.000000
120015 440041 0.003685 -0.000000
120015 470044 0.002402 -0.000000
120017 270022 0.271393 -0.000000
120017 320027 0.126293 -0.000000
120017 370032 0.059564 -0.000000
120017 420037 0.028044 -0.000000
120017 470042 0.008259 -0.000000
120017 280023 0.257384 -0.000000
120017 330028 0.085501 -0.000000
120017 380033 0.053310 -0.000000
120017 430038 0.024246 -0.000000
120017 480043 0.007548 -0.000000
120017 290024 0.235616 -0.000000
120017 340029 0.069831 -0.000000
120017 390034 0.048556 -0.000000
120017 440039 0.018620 -0.000000
120017 300025 0.215381 -0.000000
120017 350030 0.064078 -0.000000
120017 400035 0.041145 -0.000000
120017 450040 0.013603 -0.000000
120017 310026 0.178660 -0.000000
120017 360031 0.060181 -0.000000
120017 410036 0.035507 -0.000000
120017 460041 0.009647 -0.000000
120018 300024 0.356079 -0.000000
120018 360030 0.098883 -0.000000
120018 420036 0.049467 -0.000000
120018 480042 0.012205 -0.000000
120018 310025 0.317937 -0.000000
120018 370031 0.092657 -0.000000
120018 430037 0.038641 -0.000000
120018 320026 0.259762 -0.000000
120018 380032 0.085501 -0.000000
120018 440038 0.033080 -0.000000
120018 330027 0.187501 -0.000000
120018 390033 0.078814 -0.000000
120018 450039 0.025358 -0.000000
120018 340028 0.130733 -0.000000
120018 400034 0.071054 -0.000000
120018 460040 0.019024 -0.000000
120018 350029 0.111055 -0.000000
120018 410035 0.059911 -0.000000
120018 470041 0.014159 -0.000000
130014 160015 1.105277 -0.000000
130014 170016 0.256456 -0.000000
130014 180017 0.094588 -0.000000
130014 190018 0.046447 -0.000000
130014 200019 0.025047 -0.000000
130014 200021 0.016157 -0.000000
130014 210022 0.011228 -0.000000
130014 220023 0.008452 -0.000000
130014 230024 0.006695 -0.000000
130014 240025 0.005647 -0.000000
130015 190017 0.469575 -0.000000
130015 210019 0.107093 -0.000000
130015 230021 0.046725 -0.000000
130015 230025 0.028686 -0.000000
130015 250027 0.038816 -0.000000
130015 270029 0.028016 -0.000000
130015 290031 0.012194 -0.000000
130015 310033 0.008431 -0.000000
130015 330035 0.009478 -0.000000
130015 350037 0.007910 -0.000000
130015 200018 0.202913 -0.000000
130015 220020 0.067628 -0.000000
130015 240022 0.035302 -0.000000
130015 240026 0.030096 -0.000000
130015 260028 0.039966 -0.000000
130015 280030 0.016631 -0.000000
130015 300032 0.009303 -0.000000
130015 320034 0.008816 -0.000000
130015 340036 0.009098 -0.000000
130015 360038 0.006065 -0.000000
130016 220019 0.280853 -0.000000
130016 250022 0.086406 -0.000000
130016 250028 0.097188 -0.000000
130016 280031 0.036502 -0.000000
130016 310034 0.021002 -0.000000
130016 340037 0.021031 -0.000000
130016 370040 0.011769 -0.000000
130016 400043 0.006406 -0.000000
130016 430046 0.002735 -0.000000
130016 230020 0.168644 -0.000000
130016 260023 0.079588 -0.000000
130016 260029 0.083880 -0.000000
130016 290032 0.026864 -0.000000
130016 320035 0.022617 -0.000000
130016 350038 0.016393 -0.000000
130016 380041 0.011427 -0.000000
130016 410044 0.004139 -0.000000
130016 440047 0.002634 -0.000000
130016 240021 0.115231 -0.000000
130016 270024 0.088620 -0.000000
130016 270030 0.058568 -0.000000
130016 300033 0.022578 -0.000000
130016 330036 0.021916 -0.000000
130016 360039 0.014206 -0.000000
130016 390042 0.008838 -0.000000
130016 420045 0.003154 -0.000000
130016 450048 0.002720 -0.000000
130018 280023 0.337783 -0.000000
130018 330028 0.103742 -0.000000
130018 330038 0.061951 -0.000000
130018 380043 0.027329 -0.000000
130018 430048 0.008242 -0.000000
130018 290024 0.302275 -0.000000
130018 340029 0.083443 -0.000000
130018 340039 0.056069 -0.000000
130018 390044 0.020850 -0.000000
130018 300025 0.272436 -0.000000
130018 300035 0.075958 -0.000000
130018 350040 0.047158 -0.000000
130018 400045 0.015124 -0.000000
130018 310026 0.223032 -0.000000
130018 310036 0.070761 -0.000000
130018 360041 0.040430 -0.000000
130018 410046 0.010692 -0.000000
130018 320027 0.155526 -0.000000
130018 320037 0.069531 -0.000000
130018 370042 0.031691 -0.000000
130018 420047 0.009073 -0.000000
130019 310025 0.413474 -0.000000
130019 370031 0.110061 -0.000000
130019 370043 0.044146 -0.000000
130019 320026 0.332330 -0.000000
130019 320038 0.101251 -0.000000
130019 380044 0.037585 -0.000000
130019 330027 0.235773 -0.000000
130019 330039 0.092677 -0.000000
130019 390045 0.028718 -0.000000
130019 340028 0.161409 -0.000000
130019 340040 0.083029 -0.000000
130019 400046 0.021357 -0.000000
130019 350029 0.135122 -0.000000
130019 350041 0.069407 -0.000000
130019 410047 0.015826 -0.000000
130019 360030 0.119161 -0.000000
130019 360042 0.056882 -0.000000
130019 420048 0.013570 -0.000000
140015 170016 1.003701 -0.000000
140015 180017 0.238471 -0.000000
140015 190018 0.089633 -0.000000
140015 200019 0.042164 -0.000000
140015 210020 0.024325 -0.000000
140015 220021 0.015940 -0.000000
140015 230022 0.011117 -0.000000
140015 240023 0.009090 -0.000000
140015 250024 0.007282 -0.000000
140015 260025 0.009570 -0.000000
140016 200018 0.445708 -0.000000
140016 220020 0.104916 -0.000000
140016 240022 0.048787 -0.000000
140016 260024 0.038790 -0.000000
140016 280026 0.049666 -0.000000
140016 300028 0.020182 -0.000000
140016 320030 0.011053 -0.000000
140016 340032 0.010337 -0.000000
140016 360034 0.010557 -0.000000
140016 380036 0.006971 -0.000000
140016 210019 0.188304 -0.000000
140016 230021 0.068018 -0.000000
140016 250023 0.037727 -0.000000
140016 270025 0.048976 -0.000000
140016 290027 0.034400 -0.000000
140016 310029 0.014642 -0.000000
140016 330031 0.009941 -0.000000
140016 350033 0.011004 -0.000000
140016 370035 0.009127 -0.000000
140016 390037 0.005617 -0.000000
140017 230020 0.274887 -0.000000
140017 260023 0.106048 -0.000000
140017 290026 0.104459 -0.000000
140017 320029 0.032214 -0.000000
140017 350032 0.026395 -0.000000
140017 380035 0.018781 -0.000000
140017 410038 0.012856 -0.000000
140017 440041 0.004573 -0.000000
140017 470044 0.002916 -0.000000
140017 240021 0.170254 -0.000000
140017 270024 0.114438 -0.000000
140017 300027 0.072004 -0.000000
140017 330030 0.026792 -0.000000
140017 360033 0.025445 -0.000000
140017 390036 0.016200 -0.000000
140017 420039 0.009852 -0.000000
140017 450042 0.003467 -0.000000
140017 480045 0.002950 -0.000000
140017 250022 0.120469 -0.000000
140017 280025 0.122726 -0.000000
140017 310028 0.044252 -0.000000
140017 340031 0.024724 -0.000000
140017 370034 0.024236 -0.000000
140017 400037 0.013277 -0.000000
140017 430040 0.007032 -0.000000
140017 460043 0.002938 -0.000000
140019 290024 0.402405 -0.000000
140019 340029 0.102193 -0.000000
140019 390034 0.065442 -0.000000
140019 440039 0.023512 -0.000000
140019 300025 0.355888 -0.000000
140019 350030 0.091478 -0.000000
140019 400035 0.054509 -0.000000
140019 450040 0.016860 -0.000000
140019 310026 0.286295 -0.000000
140019 360031 0.084414 -0.000000
140019 410036 0.046415 -0.000000
140019 460041 0.011819 -0.000000
140019 320027 0.196256 -0.000000
140019 370032 0.082196 -0.000000
140019 420037 0.036025 -0.000000
140019 470042 0.010000 -0.000000
140019 330028 0.128514 -0.000000
140019 380033 0.072741 -0.000000
140019 430038 0.030917 -0.000000
140019 480043 0.009070 -0.000000
140020 320026 0.436743 -0.000000
140020 380032 0.121159 -0.000000
140020 440038 0.042919 -0.000000
140020 330027 0.303148 -0.000000
140020 390033 0.110025 -0.000000
140020 450039 0.032519 -0.000000
140020 340028 0.202837 -0.000000
140020 400034 0.097743 -0.000000
140020 460040 0.024050 -0.000000
140020 350029 0.166837 -0.000000
140020 410035 0.081005 -0.000000
140020 470041 0.017611 -0.000000
140020 360030 0.145202 -0.000000
140020 420036 0.065831 -0.000000
140020 480042 0.015113 -0.000000
140020 370031 0.133149 -0.000000
140020 430037 0.050654 -0.000000
150016 180017 0.974435 -0.000000
150016 190018 0.232191 -0.000000
150016 200019 0.081551 -0.000000
150016 210020 0.040726 -0.000000
150016 220021 0.024183 -0.000000
150016 230022 0.016792 -0.000000
150016 240023 0.011771 -0.000000
150016 250024 0.009602 -0.000000
150016 260025 0.012350 -0.000000
150016 270026 0.015134 -0.000000
150017 210019 0.407543 -0.000000
150017 230021 0.105271 -0.000000
150017 250023 0.051545 -0.000000
150017 270025 0.063017 -0.000000
150017 290027 0.042751 -0.000000
150017 310029 0.017748 -0.000000
150017 330031 0.011784 -0.000000
150017 350033 0.012870 -0.000000
150017 370035 0.010521 -0.000000
150017 390037 0.006389 -0.000000
150017 220020 0.182009 -0.000000
150017 240022 0.070282 -0.000000
150017 260024 0.051226 -0.000000
150017 280026 0.062546 -0.000000
150017 300028 0.024682 -0.000000
150017 320030 0.013240 -0.000000
150017 340032 0.012108 -0.000000
150017 360034 0.012193 -0.000000
150017 380036 0.007924 -0.000000
150017 400038 0.006480 -0.000000
150018 240021 0.271968 -0.000000
150018 270024 0.150143 -0.000000
150018 300027 0.089346 -0.000000
150018 330030 0.031945 -0.000000
150018 360033 0.029530 -0.000000
150018 390036 0.018364 -0.000000
150018 420039 0.010952 -0.000000
150018 450042 0.003845 -0.000000
150018 480045 0.003253 -0.000000
150018 250022 0.175416 -0.000000
150018 280025 0.157223 -0.000000
150018 310028 0.054007 -0.000000
150018 340031 0.029145 -0.000000
150018 370034 0.027949 -0.000000
150018 400037 0.015025 -0.000000
150018 430040 0.007795 -0.000000
150018 460043 0.003152 -0.000000
150018 260023 0.144786 -0.000000
150018 290026 0.131636 -0.000000
150018 320029 0.038903 -0.000000
150018 350032 0.030902 -0.000000
150018 380035 0.021443 -0.000000
150018 410038 0.014421 -0.000000
150018 440041 0.004902 -0.000000
150018 470044 0.003141 -0.000000
150020 300025 0.483474 -0.000000
150020 350030 0.112649 -0.000000
150020 400035 0.064092 -0.000000
150020 450040 0.019121 -0.000000
150020 310026 0.380476 -0.000000
150020 360031 0.102676 -0.000000
150020 410036 0.053990 -0.000000
150020 460041 0.013262 -0.000000
150020 320027 0.255372 -0.000000
150020 370032 0.099165 -0.000000
150020 420037 0.041653 -0.000000
150020 470042 0.011174 -0.000000
150020 330028 0.163510 -0.000000
150020 380033 0.087025 -0.000000
150020 430038 0.035507 -0.000000
150020 480043 0.010066 -0.000000
150020 340029 0.127772 -0.000000
150020 390034 0.077518 -0.000000
150020 440039 0.026683 -0.000000
150021 330027 0.411815 -0.000000
150021 390033 0.135690 -0.000000
150021 450039 0.038107 -0.000000
150021 340028 0.267950 -0.000000
150021 400034 0.119461 -0.000000
150021 460040 0.027956 -0.000000
150021 350029 0.215744 -0.000000
150021 410035 0.097952 -0.000000
150021 470041 0.020331 -0.000000
150021 360030 0.184651 -0.000000
150021 420036 0.078899 -0.000000
150021 480042 0.017227 -0.000000
150021 370031 0.167263 -0.000000
150021 430037 0.060237 -0.000000
150021 380032 0.150979 -0.000000
150021 440038 0.050687 -0.000000
160017 190018 0.947041 -0.000000
160017 200019 0.207498 -0.000000
160017 210020 0.076808 -0.000000
160017 220021 0.040521 -0.000000
160017 230022 0.024674 -0.000000
160017 240023 0.017103 -0.000000
160017 250024 0.013089 -0.000000
160017 260025 0.016242 -0.000000
160017 270026 0.019276 -0.000000
160017 280027 0.015668 -0.000000
160018 220020 0.380441 -0.000000
160018 240022 0.106107 -0.000000
160018 260024 0.068902 -0.000000
160018 280026 0.079375 -0.000000
160018 300028 0.030270 -0.000000
160018 320030 0.015845 -0.000000
160018 340032 0.014195 -0.000000
160018 360034 0.014093 -0.000000
160018 380036 0.008983 -0.000000
160018 400038 0.007253 -0.000000
160018 230021 0.178663 -0.000000
160018 250023 0.073305 -0.000000
160018 270025 0.081878 -0.000000
160018 290027 0.053332 -0.000000
160018 310029 0.021497 -0.000000
160018 330031 0.013969 -0.000000
160018 350033 0.014921 -0.000000
160018 370035 0.012026 -0.000000
160018 390037 0.007219 -0.000000
160018 410039 0.006171 -0.000000
160019 250022 0.284472 -0.000000
160019 280025 0.211460 -0.000000
160019 310028 0.068439 -0.000000
160019 340031 0.035391 -0.000000
160019 370034 0.033018 -0.000000
160019 400037 0.017216 -0.000000
160019 430040 0.008738 -0.000000
160019 460043 0.003599 -0.000000
160019 260023 0.213665 -0.000000
160019 290026 0.173172 -0.000000
160019 320029 0.048515 -0.000000
160019 350032 0.037120 -0.000000
160019 380035 0.025198 -0.000000
160019 410038 0.016426 -0.000000
160019 440041 0.005578 -0.000000
160019 470044 0.003457 -0.000000
160019 270024 0.208301 -0.000000
160019 300027 0.115337 -0.000000
160019 330030 0.039327 -0.000000
160019 360033 0.035251 -0.000000
160019 390036 0.021465 -0.000000
160019 420039 0.012477 -0.000000
160019 450042 0.004211 -0.000000
160019 480045 0.003512 -0.000000
160021 310026 0.538555 -0.000000
160021 360031 0.130430 -0.000000
160021 410036 0.065364 -0.000000
160021 460041 0.015429 -0.000000
160021 320027 0.351956 -0.000000
160021 370032 0.124639 -0.000000
160021 420037 0.049915 -0.000000
160021 470042 0.012921 -0.000000
160021 330028 0.219127 -0.000000
160021 380033 0.108491 -0.000000
160021 430038 0.042235 -0.000000
160021 480043 0.011554 -0.000000
160021 340029 0.167581 -0.000000
160021 390034 0.095692 -0.000000
160021 440039 0.031480 -0.000000
160021 350030 0.145080 -0.000000
160021 400035 0.078198 -0.000000
160021 450040 0.022387 -0.000000
160022 340028 0.372454 -0.000000
160022 400034 0.151679 -0.000000
160022 460040 0.033643 -0.000000
160022 350029 0.292294 -0.000000
160022 410035 0.122975 -0.000000
160022 470041 0.024255 -0.000000
160022 360030 0.245236 -0.000000
160022 420036 0.098247 -0.000000
160022 480042 0.020431 -0.000000
160022 370031 0.218817 -0.000000
160022 430037 0.074122 -0.000000
160022 380032 0.195535 -0.000000
160022 440038 0.062010 -0.000000
160022 390033 0.174200 -0.000000
160022 450039 0.046209 -0.000000
170018 200019 0.839410 -0.000000
170018 210020 0.188674 -0.000000
170018 220021 0.074003 -0.000000
170018 230022 0.039962 -0.000000
170018 240023 0.025060 -0.000000
170018 250024 0.018090 -0.000000
170018 260025 0.021525 -0.000000
170018 270026 0.024817 -0.000000
170018 280027 0.019706 -0.000000
170018 290028 0.009938 -0.000000
170019 230021 0.384581 -0.000000
170019 250023 0.113828 -0.000000
170019 270025 0.113413 -0.000000
170019 290027 0.070277 -0.000000
170019 310029 0.027330 -0.000000
170019 330031 0.017248 -0.000000
170019 350033 0.018045 -0.000000
170019 370035 0.014304 -0.000000
170019 390037 0.008459 -0.000000
170019 410039 0.007105 -0.000000
170019 240022 0.183531 -0.000000
170019 260024 0.099733 -0.000000
170019 280026 0.106947 -0.000000
170019 300028 0.039201 -0.000000
170019 320030 0.019953 -0.000000
170019 340032 0.017440 -0.000000
170019 360034 0.016916 -0.000000
170019 380036 0.010723 -0.000000
170019 400038 0.008499 -0.000000
170019 420040 0.004968 -0.000000
170020 260023 0.342609 -0.000000
170020 290026 0.237677 -0.000000
170020 320029 0.062491 -0.000000
170020 350032 0.045793 -0.000000
170020 380035 0.030273 -0.000000
170020 410038 0.019159 -0.000000
170020 440041 0.006363 -0.000000
170020 470044 0.003880 -0.000000
170020 270024 0.305745 -0.000000
170020 300027 0.154615 -0.000000
170020 330030 0.049818 -0.000000
170020 360033 0.043057 -0.000000
170020 390036 0.025452 -0.000000
170020 420039 0.014412 -0.000000
170020 450042 0.004746 -0.000000
170020 480045 0.003988 -0.000000
170020 280025 0.298194 -0.000000
170020 310028 0.089723 -0.000000
170020 340031 0.044227 -0.000000
170020 370034 0.040041 -0.000000
170020 400037 0.020306 -0.000000
170020 430040 0.010094 -0.000000
170020 460043 0.004005 -0.000000
170022 320027 0.515789 -0.000000
170022 370032 0.163856 -0.000000
170022 420037 0.062280 -0.000000
170022 470042 0.015474 -0.000000
170022 330028 0.310461 -0.000000
170022 380033 0.141353 -0.000000
170022 430038 0.052335 -0.000000
170022 480043 0.013777 -0.000000
170022 340029 0.231544 -0.000000
170022 390034 0.123481 -0.000000
170022 440039 0.038769 -0.000000
170022 350030 0.196256 -0.000000
170022 400035 0.099725 -0.000000
170022 450040 0.027345 -0.000000
170022 360031 0.173842 -0.000000
170022 410036 0.082445 -0.000000
170022 460041 0.018650 -0.000000
170023 350029 0.415967 -0.000000
170023 410035 0.160782 -0.000000
170023 470041 0.030065 -0.000000
170023 360030 0.341430 -0.000000
170023 420036 0.127199 -0.000000
170023 480042 0.025110 -0.000000
170023 370031 0.299297 -0.000000
170023 430037 0.095039 -0.000000
170023 380032 0.264516 -0.000000
170023 440038 0.078971 -0.000000
170023 390033 0.232957 -0.000000
170023 450039 0.058360 -0.000000
170023 400034 0.200864 -0.000000
170023 460040 0.042096 -0.000000
180019 210020 0.844676 -0.000000
180019 220021 0.193795 -0.000000
180019 230022 0.075780 -0.000000
180019 240023 0.043247 -0.000000
180019 250024 0.028170 -0.000000
180019 260025 0.031923 -0.000000
180019 270026 0.035137 -0.000000
180019 280027 0.027214 -0.000000
180019 290028 0.013429 -0.000000
180019 300029 0.009003 -0.000000
180020 240022 0.388775 -0.000000
180020 260024 0.155253 -0.000000
180020 280026 0.151467 -0.000000
180020 300028 0.052815 -0.000000
180020 320030 0.025992 -0.000000
180020 340032 0.022028 -0.000000
180020 360034 0.020948 -0.000000
180020 380036 0.013108 -0.000000
180020 400038 0.010098 -0.000000
180020 420040 0.005798 -0.000000
180020 250023 0.197194 -0.000000
180020 270025 0.166711 -0.000000
180020 290027 0.097138 -0.000000
180020 310029 0.036208 -0.000000
180020 330031 0.022121 -0.000000
180020 350033 0.022608 -0.000000
180020 370035 0.017517 -0.000000
180020 390037 0.010126 -0.000000
180020 410039 0.008387 -0.000000
180020 430041 0.003454 -0.000000
180021 270024 0.498107 -0.000000
180021 300027 0.223302 -0.000000
180021 330030 0.067215 -0.000000
180021 360033 0.055801 -0.000000
180021 390036 0.032058 -0.000000
180021 420039 0.017651 -0.000000
180021 450042 0.005705 -0.000000
180021 480045 0.004647 -0.000000
180021 280025 0.458317 -0.000000
180021 310028 0.126018 -0.000000
180021 340031 0.058743 -0.000000
180021 370034 0.051346 -0.000000
180021 400037 0.025241 -0.000000
180021 430040 0.012230 -0.000000
180021 460043 0.004738 -0.000000
180021 290026 0.353238 -0.000000
180021 320029 0.085944 -0.000000
180021 350032 0.060036 -0.000000
180021 380035 0.038470 -0.000000
180021 410038 0.023665 -0.000000
180021 440041 0.007691 -0.000000
180021 470044 0.004535 -0.000000
180023 330028 0.465537 -0.000000
180023 380033 0.192498 -0.000000
180023 430038 0.067796 -0.000000
180023 480043 0.017172 -0.000000
180023 340029 0.336956 -0.000000
180023 390034 0.166498 -0.000000
180023 440039 0.049859 -0.000000
180023 350030 0.278748 -0.000000
180023 400035 0.132869 -0.000000
180023 450040 0.034857 -0.000000
180023 360031 0.242311 -0.000000
180023 410036 0.108605 -0.000000
180023 460041 0.023598 -0.000000
180023 370032 0.225514 -0.000000
180023 420037 0.081202 -0.000000
180023 470042 0.019444 -0.000000
180024 360030 0.496831 -0.000000
180024 420036 0.171233 -0.000000
180024 480042 0.032176 -0.000000
180024 370031 0.426728 -0.000000
180024 430037 0.126668 -0.000000
180024 380032 0.372442 -0.000000
180024 440038 0.104555 -0.000000
180024 390033 0.323970 -0.000000
180024 450039 0.076647 -0.000000
180024 400034 0.276156 -0.000000
180024 460040 0.054794 -0.000000
180024 410035 0.218588 -0.000000
180024 470041 0.038748 -0.000000
190020 220021 0.861166 -0.000000
190020 230022 0.189537 -0.000000
190020 240023 0.079836 -0.000000
190020 250024 0.046647 -0.000000
190020 260025 0.048745 -0.000000
190020 270026 0.050954 -0.000000
190020 280027 0.038140 -0.000000
190020 290028 0.018391 -0.000000
190020 300029 0.012057 -0.000000
190020 310030 0.008613 -0.000000
190021 250023 0.410522 -0.000000
190021 270025 0.266410 -0.000000
190021 290027 0.143816 -0.000000
190021 310029 0.050864 -0.000000
190021 330031 0.030011 -0.000000
190021 350033 0.029852 -0.000000
190021 370035 0.022627 -0.000000
190021 390037 0.012885 -0.000000
190021 410039 0.010417 -0.000000
190021 430041 0.004244 -0.000000
190021 260024 0.267956 -0.000000
190021 280026 0.231351 -0.000000
190021 300028 0.076081 -0.000000
190021 320030 0.035802 -0.000000
190021 340032 0.029466 -0.000000
190021 360034 0.027402 -0.000000
190021 380036 0.016701 -0.000000
190021 400038 0.012711 -0.000000
190021 420040 0.007120 -0.000000
190021 440042 0.003100 -0.000000
190022 280025 0.765965 -0.000000
190022 310028 0.186974 -0.000000
190022 340031 0.081655 -0.000000
190022 370034 0.068712 -0.000000
190022 400037 0.032723 -0.000000
190022 430040 0.015434 -0.000000
190022 460043 0.005863 -0.000000
190022 290026 0.562316 -0.000000
190022 320029 0.124431 -0.000000
190022 350032 0.082199 -0.000000
190022 380035 0.051005 -0.000000
190022 410038 0.030385 -0.000000
190022 440041 0.009596 -0.000000
190022 470044 0.005554 -0.000000
190022 300027 0.342616 -0.000000
190022 330030 0.095111 -0.000000
190022 360033 0.075508 -0.000000
190022 390036 0.042025 -0.000000
190022 420039 0.022426 -0.000000
190022 450042 0.007090 -0.000000
190022 480045 0.005591 -0.000000
190024 340029 0.512602 -0.000000
190024 390034 0.232116 -0.000000
190024 440039 0.066187 -0.000000
190024 350030 0.412109 -0.000000
190024 400035 0.182942 -0.000000
190024 450040 0.045963 -0.000000
190024 360031 0.350525 -0.000000
190024 410036 0.147930 -0.000000
190024 460041 0.030857 -0.000000
190024 370032 0.321325 -0.000000
190024 420037 0.109414 -0.000000
190024 470042 0.025236 -0.000000
190024 380033 0.271381 -0.000000
190024 430038 0.090749 -0.000000
190024 480043 0.022136 -0.000000
190025 370031 0.648025 -0.000000
190025 430037 0.177953 -0.000000
190025 380032 0.556547 -0.000000
190025 440038 0.145781 -0.000000
190025 390033 0.477166 -0.000000
190025 450039 0.106109 -0.000000
190025 400034 0.401989 -0.000000
190025 460040 0.075179 -0.000000
190025 410035 0.313845 -0.000000
190025 470041 0.052708 -0.000000
190025 420036 0.243111 -0.000000
190025 480042 0.043407 -0.000000
200021 230022 0.809078 -0.000000
200021 240023 0.194683 -0.000000
200021 250024 0.089702 -0.000000
200021 260025 0.083173 -0.000000
200021 270026 0.082769 -0.000000
200021 280027 0.059467 -0.000000
200021 290028 0.027805 -0.000000
200021 300029 0.017856 -0.000000
200021 310030 0.012396 -0.000000
200021 320031 0.008726 -0.000000
200022 260024 0.546386 -0.000000
200022 280026 0.383108 -0.000000
200022 300028 0.116942 -0.000000
200022 320030 0.052510 -0.000000
200022 340032 0.041702 -0.000000
200022 360034 0.037816 -0.000000
200022 380036 0.022569 -0.000000
200022 400038 0.016858 -0.000000
200022 420040 0.009278 -0.000000
200022 440042 0.003990 -0.000000
200022 270025 0.471029 -0.000000
200022 290027 0.228920 -0.000000
200022 310029 0.076174 -0.000000
200022 330031 0.043138 -0.000000
200022 350033 0.041660 -0.000000
200022 370035 0.030922 -0.000000
200022 390037 0.017153 -0.000000
200022 410039 0.013683 -0.000000
200022 430041 0.005477 -0.000000
200022 450043 0.003001 -0.000000
200023 290026 0.967729 -0.000000
200023 320029 0.189973 -0.000000
200023 350032 0.117704 -0.000000
200023 380035 0.070620 -0.000000
200023 410038 0.040814 -0.000000
200023 440041 0.012610 -0.000000
200023 470044 0.007149 -0.000000
200023 300027 0.560875 -0.000000
200023 330030 0.141770 -0.000000
200023 360033 0.106802 -0.000000
200023 390036 0.057533 -0.000000
200023 420039 0.029893 -0.000000
200023 450042 0.009277 -0.000000
200023 480045 0.007145 -0.000000
200023 310028 0.293720 -0.000000
200023 340031 0.118868 -0.000000
200023 370034 0.096145 -0.000000
200023 400037 0.044293 -0.000000
200023 430040 0.020358 -0.000000
200023 460043 0.007613 -0.000000
200025 350030 0.655052 -0.000000
200025 400035 0.266919 -0.000000
200025 450040 0.064154 -0.000000
200025 360031 0.542125 -0.000000
200025 410036 0.213281 -0.000000
200025 460041 0.042692 -0.000000
200025 370032 0.487779 -0.000000
200025 420037 0.156086 -0.000000
200025 470042 0.034650 -0.000000
200025 380033 0.406379 -0.000000
200025 430038 0.128468 -0.000000
200025 480043 0.030191 -0.000000
200025 390034 0.343456 -0.000000
200025 440039 0.093054 -0.000000
200026 380032 1.022536 -0.000000
200026 440038 0.246043 -0.000000
200026 390033 0.860530 -0.000000
200026 450039 0.177423 -0.000000
200026 400034 0.714334 -0.000000
200026 460040 0.124655 -0.000000
200026 410035 0.548127 -0.000000
200026 470041 0.086336 -0.000000
200026 420036 0.419201 -0.000000
200026 480042 0.070505 -0.000000
200026 430037 0.302762 -0.000000
210022 240023 0.774758 -0.000000
210022 250024 0.211956 -0.000000
210022 260025 0.161946 -0.000000
210022 270026 0.142857 -0.000000
210022 280027 0.097640 -0.000000
210022 290028 0.044008 -0.000000
210022 300029 0.027319 -0.000000
210022 310030 0.018650 -0.000000
210022 320031 0.012827 -0.000000
210022 330032 0.012780 -0.000000
210023 270025 0.942151 -0.000000
210023 290027 0.384898 -0.000000
210023 310029 0.118776 -0.000000
210023 330031 0.064041 -0.000000
210023 350033 0.059840 -0.000000
210023 370035 0.043407 -0.000000
210023 390037 0.023560 -0.000000
210023 410039 0.018422 -0.000000
210023 430041 0.007314 -0.000000
210023 450043 0.003966 -0.000000
210023 280026 0.680727 -0.000000
210023 300028 0.187926 -0.000000
210023 320030 0.080121 -0.000000
210023 340032 0.060736 -0.000000
210023 360034 0.053723 -0.000000
210023 380036 0.031447 -0.000000
210023 400038 0.022843 -0.000000
210023 420040 0.012459 -0.000000
210023 440042 0.005298 -0.000000
210023 460044 0.003493 -0.000000
210024 300027 0.982231 -0.000000
210024 330030 0.218674 -0.000000
210024 360033 0.155169 -0.000000
210024 390036 0.080855 -0.000000
210024 420039 0.040874 -0.000000
210024 450042 0.012452 -0.000000
210024 480045 0.009428 -0.000000
210024 310028 0.484481 -0.000000
210024 340031 0.178552 -0.000000
210024 370034 0.138083 -0.000000
210024 400037 0.061473 -0.000000
210024 430040 0.027690 -0.000000
210024 460043 0.010141 -0.000000
210024 320029 0.301809 -0.000000
210024 350032 0.173397 -0.000000
210024 380035 0.100385 -0.000000
210024 410038 0.056105 -0.000000
210024 440041 0.017019 -0.000000
210024 470044 0.009518 -0.000000
210026 360031 1.040673 -0.000000
210026 410036 0.374906 -0.000000
210026 460041 0.071545 -0.000000
210026 370032 0.913364 -0.000000
210026 420037 0.270667 -0.000000
210026 470042 0.057537 -0.000000
210026 380033 0.748072 -0.000000
210026 430038 0.220912 -0.000000
210026 480043 0.049714 -0.000000
210026 390034 0.622666 -0.000000
210026 440039 0.158455 -0.000000
210026 400035 0.475660 -0.000000
210026 450040 0.108358 -0.000000
210027 390033 1.804397 -0.000000
210027 450039 0.340718 -0.000000
210027 400034 1.467368 -0.000000
210027 460040 0.237222 -0.000000
210027 410035 1.105204 -0.000000
210027 470041 0.162460 -0.000000
210027 420036 0.833291 -0.000000
210027 480042 0.131450 -0.000000
210027 430037 0.593068 -0.000000
210027 440038 0.477104 -0.000000
220023 250024 0.776438 -0.000000
220023 260025 0.368233 -0.000000
220023 270026 0.268108 -0.000000
220023 280027 0.171561 -0.000000
220023 290028 0.072997 -0.000000
220023 300029 0.043627 -0.000000
220023 310030 0.029172 -0.000000
220023 320031 0.019557 -0.000000
220023 330032 0.019000 -0.000000
220023 340033 0.017222 -0.000000
220024 280026 1.357854 -0.000000
220024 300028 0.318019 -0.000000
220024 320030 0.126454 -0.000000
220024 340032 0.091034 -0.000000
220024 360034 0.078215 -0.000000
220024 380036 0.044737 -0.000000
220024 400038 0.031756 -0.000000
220024 420040 0.017058 -0.000000
220024 440042 0.007106 -0.000000
220024 460044 0.004668 -0.000000
220024 290027 0.696534 -0.000000
220024 310029 0.192914 -0.000000
220024 330031 0.098155 -0.000000
220024 350033 0.088189 -0.000000
220024 370035 0.062386 -0.000000
220024 390037 0.033152 -0.000000
220024 410039 0.025390 -0.000000
220024 430041 0.009975 -0.000000
220024 450043 0.005337 -0.000000
220024 470045 0.004914 -0.000000
220025 310028 0.888059 -0.000000
220025 340031 0.287287 -0.000000
220025 370034 0.210328 -0.000000
220025 400037 0.090054 -0.000000
220025 430040 0.039592 -0.000000
220025 460043 0.014217 -0.000000
220025 320029 0.523180 -0.000000
220025 350032 0.272404 -0.000000
220025 380035 0.151091 -0.000000
220025 410038 0.081528 -0.000000
220025 440041 0.024293 -0.000000
220025 470044 0.013331 -0.000000
220025 330030 0.364379 -0.000000
220025 360033 0.239578 -0.000000
220025 390036 0.120091 -0.000000
220025 420039 0.058979 -0.000000
220025 450042 0.017612 -0.000000
220025 480045 0.013170 -0.000000
220027 370032 2.001584 -0.000000
220027 420037 0.540432 -0.000000
220027 470042 0.109534 -0.000000
220027 380033 1.602554 -0.000000
220027 430038 0.436993 -0.000000
220027 480043 0.094043 -0.000000
220027 390034 1.305659 -0.000000
220027 440039 0.310605 -0.000000
220027 400035 0.979062 -0.000000
220027 450040 0.210449 -0.000000
220027 410036 0.758865 -0.000000
220027 460041 0.137322 -0.000000
220028 400034 2.668259 -0.000000
220028 460040 0.395770 -0.000000
220028 410035 1.963195 -0.000000
220028 470041 0.268274 -0.000000
220028 420036 1.457432 -0.000000
220028 480042 0.215612 -0.000000
220028 430037 1.020875 -0.000000
220028 440038 0.813787 -0.000000
220028 450039 0.574372 -0.000000
230024 260025 1.231260 -0.000000
230024 270026 0.593367 -0.000000
230024 280027 0.324243 -0.000000
230024 290028 0.129479 -0.000000
230024 300029 0.072994 -0.000000
230024 310030 0.047173 -0.000000
230024 320031 0.030645 -0.000000
230024 330032 0.029091 -0.000000
230024 340033 0.025867 -0.000000
230024 350034 0.026966 -0.000000
230025 290027 1.501008 -0.000000
230025 310029 0.346266 -0.000000
230025 330031 0.163150 -0.000000
230025 350033 0.139503 -0.000000
230025 370035 0.095815 -0.000000
230025 390037 0.049685 -0.000000
230025 410039 0.037349 -0.000000
230025 430041 0.014508 -0.000000
230025 450043 0.007715 -0.000000
230025 470045 0.006970 -0.000000
230025 300028 0.608544 -0.000000
230025 320030 0.218235 -0.000000
230025 340032 0.147067 -0.000000
230025 360034 0.122089 -0.000000
230025 380036 0.067970 -0.000000
230025 400038 0.047225 -0.000000
230025 420040 0.024866 -0.000000
230025 440042 0.010322 -0.000000
230025 460044 0.006669 -0.000000
230025 480046 0.006787 -0.000000
230026 320029 1.201604 -0.000000
230026 350032 0.546813 -0.000000
230026 380035 0.287510 -0.000000
230026 410038 0.149284 -0.000000
230026 440041 0.043326 -0.000000
230026 470044 0.023257 -0.000000
230026 330030 0.787569 -0.000000
230026 360033 0.470599 -0.000000
230026 390036 0.225302 -0.000000
230026 420039 0.106944 -0.000000
230026 450042 0.031185 -0.000000
230026 480045 0.022898 -0.000000
230026 340031 0.594330 -0.000000
230026 370034 0.407058 -0.000000
230026 400037 0.166765 -0.000000
230026 430040 0.071480 -0.000000
230026 460043 0.025114 -0.000000
230028 380033 3.028174 -0.000000
230028 430038 0.751957 -0.000000
230028 480043 0.154800 -0.000000
230028 390034 2.404111 -0.000000
230028 440039 0.528464 -0.000000
230028 400035 1.759695 -0.000000
230028 450040 0.354672 -0.000000
230028 410036 1.340735 -0.000000
230028 460041 0.229027 -0.000000
230028 420037 0.938913 -0.000000
230028 470042 0.181469 -0.000000
230029 410035 2.777874 -0.000000
230029 470041 0.357121 -0.000000
230029 420036 2.030473 -0.000000
230029 480042 0.285536 -0.000000
230029 430037 1.403366 -0.000000
230029 440038 1.109474 -0.000000
230029 450039 0.776646 -0.000000
230029 460040 0.531112 -0.000000
240025 270026 1.972520 -0.000000
240025 280027 0.780566 -0.000000
240025 290028 0.268022 -0.000000
240025 300029 0.139070 -0.000000
240025 310030 0.086479 -0.000000
240025 320031 0.054086 -0.000000
240025 330032 0.049405 -0.000000
240025 340033 0.042799 -0.000000
240025 350034 0.044047 -0.000000
240025 360035 0.031563 -0.000000
240026 300028 1.676247 -0.000000
240026 320030 0.509421 -0.000000
240026 340032 0.316694 -0.000000
240026 360034 0.253122 -0.000000
240026 380036 0.136753 -0.000000
240026 400038 0.092551 -0.000000
240026 420040 0.047904 -0.000000
240026 440042 0.019614 -0.000000
240026 460044 0.012506 -0.000000
240026 480046 0.012635 -0.000000
240026 310029 0.858715 -0.000000
240026 330031 0.363605 -0.000000
240026 350033 0.293586 -0.000000
240026 370035 0.194860 -0.000000
240026 390037 0.098287 -0.000000
240026 410039 0.072540 -0.000000
240026 430041 0.027569 -0.000000
240026 450043 0.014483 -0.000000
240026 470045 0.012943 -0.000000
240027 330030 2.058683 -0.000000
240027 360033 1.079384 -0.000000
240027 390036 0.489096 -0.000000
240027 420039 0.223736 -0.000000
240027 450042 0.063697 -0.000000
240027 480045 0.045947 -0.000000
240027 340031 1.463755 -0.000000
240027 370034 0.911881 -0.000000
240027 400037 0.356037 -0.000000
240027 430040 0.148274 -0.000000
240027 460043 0.050951 -0.000000
240027 350032 1.290077 -0.000000
240027 380035 0.633824 -0.000000
240027 410038 0.315176 -0.000000
240027 440041 0.089110 -0.000000
240027 470044 0.046859 -0.000000
240029 390034 3.496640 -0.000000
240029 440039 0.714613 -0.000000
240029 400035 2.497678 -0.000000
240029 450040 0.476127 -0.000000
240029 410036 1.871487 -0.000000
240029 460041 0.305247 -0.000000
240029 420037 1.291497 -0.000000
240029 470042 0.240576 -0.000000
240029 430038 1.025620 -0.000000
240029 480043 0.204225 -0.000000
240030 420036 2.808439 -0.000000
240030 480042 0.368498 -0.000000
240030 430037 1.900841 -0.000000
240030 440038 1.486098 -0.000000
240030 450039 1.028151 -0.000000
240030 460040 0.696235 -0.000000
240030 470041 0.463709 -0.000000
250026 280027 3.394020 -0.000000
250026 290028 0.868400 -0.000000
250026 300029 0.401248 -0.000000
250026 310030 0.231572 -0.000000
250026 320031 0.138423 -0.000000
250026 330032 0.122047 -0.000000
250026 340033 0.102468 -0.000000
250026 350034 0.104538 -0.000000
250026 360035 0.073233 -0.000000
250026 370036 0.062899 -0.000000
250027 310029 2.699772 -0.000000
250027 330031 0.956723 -0.000000
250027 350033 0.715336 -0.000000
250027 370035 0.454494 -0.000000
250027 390037 0.222696 -0.000000
250027 410039 0.160474 -0.000000
250027 430041 0.060067 -0.000000
250027 450043 0.031193 -0.000000
250027 470045 0.027568 -0.000000
250027 320030 1.430427 -0.000000
250027 340032 0.799441 -0.000000
250027 360034 0.600435 -0.000000
250027 380036 0.314787 -0.000000
250027 400038 0.207062 -0.000000
250027 420040 0.105218 -0.000000
250027 440042 0.042221 -0.000000
250027 460044 0.026665 -0.000000
250027 480046 0.026632 -0.000000
250028 340031 3.193903 -0.000000
250028 370034 1.732353 -0.000000
250028 400037 0.635977 -0.000000
250028 430040 0.255757 -0.000000
250028 460043 0.086104 -0.000000
250028 350032 2.635266 -0.000000
250028 380035 1.175133 -0.000000
250028 410038 0.556296 -0.000000
250028 440041 0.152114 -0.000000
250028 470044 0.078552 -0.000000
250028 360033 2.115499 -0.000000
250028 390036 0.890092 -0.000000
250028 420039 0.389841 -0.000000
250028 450042 0.108159 -0.000000
250028 480045 0.076674 -0.000000
250030 400035 3.548584 -0.000000
250030 450040 0.622639 -0.000000
250030 410036 2.586647 -0.000000
250030 460041 0.395346 -0.000000
250030 420037 1.745673 -0.000000
250030 470042 0.309395 -0.000000
250030 430038 1.368682 -0.000000
250030 480043 0.261281 -0.000000
250030 440039 0.942397 -0.000000
250031 430037 2.591463 -0.000000
250031 440038 1.993393 -0.000000
250031 450039 1.355051 -0.000000
250031 460040 0.903783 -0.000000
250031 470041 0.593685 -0.000000
250031 480042 0.468076 -0.000000
260027 290028 4.118202 -0.000000
260027 300029 1.385979 -0.000000
260027 310030 0.682550 -0.000000
260027 320031 0.379566 -0.000000
260027 330032 0.316671 -0.000000
260027 340033 0.258470 -0.000000
260027 350034 0.250003 -0.000000
260027 360035 0.172867 -0.000000
260027 370036 0.145792 -0.000000
260027 380037 0.073904 -0.000000
260028 320030 3.627878 -0.000000
260028 340032 1.636782 -0.000000
260028 360034 1.119632 -0.000000
260028 380036 0.558150 -0.000000
260028 400038 0.354190 -0.000000
260028 420040 0.175041 -0.000000
260028 440042 0.069024 -0.000000
260028 460044 0.043129 -0.000000
260028 480046 0.042533 -0.000000
260028 330031 2.114640 -0.000000
260028 350033 1.386390 -0.000000
260028 370035 0.821135 -0.000000
260028 390037 0.386589 -0.000000
260028 410039 0.270212 -0.000000
260028 430041 0.098624 -0.000000
260028 450043 0.050542 -0.000000
260028 470045 0.044109 -0.000000
260029 350032 4.063875 -0.000000
260029 380035 1.617271 -0.000000
260029 410038 0.725117 -0.000000
260029 440041 0.192552 -0.000000
260029 470044 0.098012 -0.000000
260029 360033 3.101661 -0.000000
260029 390036 1.198258 -0.000000
260029 420039 0.502150 -0.000000
260029 450042 0.136391 -0.000000
260029 480045 0.095197 -0.000000
260029 370034 2.449139 -0.000000
260029 400037 0.838885 -0.000000
260029 430040 0.326465 -0.000000
260029 460043 0.107938 -0.000000
260031 410036 3.589518 -0.000000
260031 460041 0.493926 -0.000000
260031 420037 2.337870 -0.000000
260031 470042 0.383174 -0.000000
260031 430038 1.799434 -0.000000
260031 480043 0.321292 -0.000000
260031 440039 1.214370 -0.000000
260031 450040 0.790150 -0.000000
260032 440038 2.734401 -0.000000
260032 450039 1.816692 -0.000000
260032 460040 1.190593 -0.000000
260032 470041 0.767479 -0.000000
260032 480042 0.598420 -0.000000
270028 300029 5.947421 -0.000000
270028 310030 1.752294 -0.000000
270028 320031 0.814576 -0.000000
270028 330032 0.605348 -0.000000
270028 340033 0.457713 -0.000000
270028 350034 0.420821 -0.000000
270028 360035 0.276001 -0.000000
270028 370036 0.226725 -0.000000
270028 380037 0.111873 -0.000000
270028 390038 0.120326 -0.000000
270029 330031 3.425729 -0.000000
270029 350033 1.862933 -0.000000
270029 370035 1.006677 -0.000000
270029 390037 0.449358 -0.000000
270029 410039 0.303020 -0.000000
270029 430041 0.107860 -0.000000
270029 450043 0.054677 -0.000000
270029 470045 0.047182 -0.000000
270029 340032 2.364584 -0.000000
270029 360034 1.432714 -0.000000
270029 380036 0.666535 -0.000000
270029 400038 0.404244 -0.000000
270029 420040 0.193872 -0.000000
270029 440042 0.075147 -0.000000
270029 460044 0.046143 -0.000000
270029 480046 0.045324 -0.000000
270030 360033 4.605790 -0.000000
270030 390036 1.511571 -0.000000
270030 420039 0.587089 -0.000000
270030 450042 0.153849 -0.000000
270030 480045 0.105108 -0.000000
270030 370034 3.392565 -0.000000
270030 400037 1.019949 -0.000000
270030 430040 0.376442 -0.000000
270030 460043 0.120856 -0.000000
270030 380035 2.125424 -0.000000
270030 410038 0.862643 -0.000000
270030 440041 0.219287 -0.000000
270030 470044 0.108857 -0.000000
270032 420037 3.191787 -0.000000
270032 470042 0.468443 -0.000000
270032 430038 2.385613 -0.000000
270032 480043 0.388604 -0.000000
270032 440039 1.568336 -0.000000
270032 450040 0.999374 -0.000000
270032 460041 0.585955 -0.000000
270033 450039 2.733291 -0.000000
270033 460040 1.743420 -0.000000
270033 470041 1.094055 -0.000000
270033 480042 0.838765 -0.000000
280029 310030 3.695525 -0.000000
280029 320031 1.236843 -0.000000
280029 330032 0.771345 -0.000000
280029 340033 0.532056 -0.000000
280029 350034 0.454185 -0.000000
280029 360035 0.282332 -0.000000
280029 370036 0.221871 -0.000000
280029 380037 0.106295 -0.000000
280029 390038 0.111237 -0.000000
280029 400039 0.082424 -0.000000
280030 340032 4.033679 -0.000000
280030 360034 1.927869 -0.000000
280030 380036 0.794905 -0.000000
280030 400038 0.445281 -0.000000
280030 420040 0.205207 -0.000000
280030 440042 0.077667 -0.000000
280030 460044 0.046813 -0.000000
280030 480046 0.045354 -0.000000
280030 350033 2.735083 -0.000000
280030 370035 1.258691 -0.000000
280030 390037 0.510089 -0.000000
280030 410039 0.325992 -0.000000
280030 430041 0.112543 -0.000000
280030 450043 0.056049 -0.000000
280030 470045 0.047279 -0.000000
280031 370034 5.201550 -0.000000
280031 400037 1.269726 -0.000000
280031 430040 0.430919 -0.000000
280031 460043 0.132331 -0.000000
280031 380035 2.982643 -0.000000
280031 410038 1.039691 -0.000000
280031 440041 0.245689 -0.000000
280031 470044 0.117634 -0.000000
280031 390036 1.990916 -0.000000
280031 420039 0.687040 -0.000000
280031 450042 0.170416 -0.000000
280031 480045 0.113037 -0.000000
280033 430038 3.763796 -0.000000
280033 480043 0.540377 -0.000000
280033 440039 2.383431 -0.000000
280033 450040 1.475553 -0.000000
280033 460041 0.879830 -0.000000
280033 470042 0.661022 -0.000000
280034 460040 2.703451 -0.000000
280034 470041 1.648408 -0.000000
280034 480042 1.239229 -0.000000
290030 320031 4.155769 -0.000000
290030 330032 1.737124 -0.000000
290030 340033 0.992186 -0.000000
290030 350034 0.759194 -0.000000
290030 360035 0.434362 -0.000000
290030 370036 0.320545 -0.000000
290030 380037 0.146090 -0.000000
290030 390038 0.146870 -0.000000
290030 400039 0.105726 -0.000000
290030 410040 0.076882 -0.000000
290031 350033 5.580612 -0.000000
290031 370035 2.008166 -0.000000
290031 390037 0.721442 -0.000000
290031 410039 0.428758 -0.000000
290031 430041 0.140691 -0.000000
290031 450043 0.068616 -0.000000
290031 470045 0.056544 -0.000000
290031 360034 3.414575 -0.000000
290031 380036 1.194079 -0.000000
290031 400038 0.606749 -0.000000
290031 420040 0.263357 -0.000000
290031 440042 0.096080 -0.000000
290031 460044 0.056479 -0.000000
290031 480046 0.053924 -0.000000
290032 380035 5.190020 -0.000000
290032 410038 1.490349 -0.000000
290032 440041 0.326664 -0.000000
290032 470044 0.150522 -0.000000
290032 390036 3.184421 -0.000000
290032 420039 0.954389 -0.000000
290032 450042 0.223624 -0.000000
290032 480045 0.143655 -0.000000
290032 400037 1.892625 -0.000000
290032 430040 0.585010 -0.000000
290032 460043 0.171473 -0.000000
290034 440039 3.993865 -0.000000
290034 450040 2.404076 -0.000000
290034 460041 1.396414 -0.000000
290034 470042 1.029360 -0.000000
290034 480043 0.829512 -0.000000
290035 470041 2.880420 -0.000000
290035 480042 2.120888 -0.000000
300031 330032 5.816125 -0.000000
300031 340033 2.351616 -0.000000
300031 350034 1.478514 -0.000000
300031 360035 0.745236 -0.000000
300031 370036 0.509593 -0.000000
300031 380037 0.218035 -0.000000
300031 390038 0.210583 -0.000000
300031 400039 0.144660 -0.000000
300031 410040 0.102149 -0.000000
300031 420041 0.047417 -0.000000
300032 360034 7.263912 -0.000000
300032 380036 2.026730 -0.000000
300032 400038 0.908284 -0.000000
300032 420040 0.369845 -0.000000
300032 440042 0.130083 -0.000000
300032 460044 0.074527 -0.000000
300032 480046 0.070059 -0.000000
300032 370035 3.674342 -0.000000
300032 390037 1.123740 -0.000000
300032 410039 0.613749 -0.000000
300032 430041 0.191656 -0.000000
300032 450043 0.091171 -0.000000
300032 470045 0.073496 -0.000000
300033 390036 6.550297 -0.000000
300033 420039 1.635122 -0.000000
300033 450042 0.358172 -0.000000
300033 480045 0.221917 -0.000000
300033 400037 3.542765 -0.000000
300033 430040 0.975563 -0.000000
300033 460043 0.270735 -0.000000
300033 410038 2.650503 -0.000000
300033 440041 0.532176 -0.000000
300033 470044 0.234502 -0.000000
300035 450040 4.440660 -0.000000
300035 460041 2.499948 -0.000000
300035 470042 1.803770 -0.000000
300035 480043 1.430543 -0.000000
300036 480042 3.471199 -0.000000
310032 340033 7.784118 -0.000000
310032 350034 3.525294 -0.000000
310032 360035 1.505113 -0.000000
310032 370036 0.942791 -0.000000
310032 380037 0.369153 -0.000000
310032 390038 0.334091 -0.000000
310032 400039 0.220151 -0.000000
310032 410040 0.151374 -0.000000
310032 420041 0.069537 -0.000000
310032 430042 0.045061 -0.000000
310033 370035 9.339435 -0.000000
310033 390037 2.295177 -0.000000
310033 410039 1.134204 -0.000000
310033 430041 0.339328 -0.000000
310033 450043 0.156371 -0.000000
310033 470045 0.123670 -0.000000
310033 380036 4.548549 -0.000000
310033 400038 1.738838 -0.000000
310033 420040 0.662420 -0.000000
310033 440042 0.224701 -0.000000
310033 460044 0.125527 -0.000000
310033 480046 0.116117 -0.000000
310034 400037 7.006293 -0.000000
310034 430040 1.694285 -0.000000
310034 460043 0.445945 -0.000000
310034 410038 4.932096 -0.000000
310034 440041 0.903721 -0.000000
310034 470044 0.381725 -0.000000
310034 420039 2.917689 -0.000000
310034 450042 0.598266 -0.000000
310034 480045 0.358267 -0.000000
310036 460041 4.277300 -0.000000
310036 470042 3.001729 -0.000000
310036 480043 2.333143 -0.000000
320033 350034 14.000025 -0.000000
320033 360035 4.498061 -0.000000
320033 370036 2.396545 -0.000000
320033 380037 0.863690 -0.000000
320033 390038 0.728361 -0.000000
320033 400039 0.458173 -0.000000
320033 410040 0.303080 -0.000000
320033 420041 0.137424 -0.000000
320033 430042 0.087602 -0.000000
320033 440043 0.060535 -0.000000
320034 380036 10.944693 -0.000000
320034 400038 3.398870 -0.000000
320034 420040 1.191201 -0.000000
320034 440042 0.390291 -0.000000
320034 460044 0.212418 -0.000000
320034 480046 0.193390 -0.000000
320034 390037 4.810302 -0.000000
320034 430041 0.599134 -0.000000
320034 450043 0.267840 -0.000000
320034 470045 0.207130 -0.000000
320035 410038 10.612406 -0.000000
320035 440041 1.713963 -0.000000
320035 470044 0.689196 -0.000000
320035 450042 1.113849 -0.000000
320035 480045 0.640747 -0.000000
320035 430040 3.291831 -0.000000
320035 460043 0.816488 -0.000000
320037 470042 5.073313 -0.000000
320037 480043 3.854942 -0.000000
330034 360035 15.045747 -0.000000
330034 370036 5.867525 -0.000000
330034 380037 1.825985 -0.000000
330034 390038 1.394582 -0.000000
330034 400039 0.819357 -0.000000
330034 420041 0.230201 -0.000000
330034 430042 0.144259 -0.000000
330034 440043 0.098196 -0.000000
330034 450044 0.067334 -0.000000
330035 390037 11.824565 -0.000000
330035 430041 1.137603 -0.000000
330035 450043 0.490019 -0.000000
330035 470045 0.368804 -0.000000
330035 400038 7.481616 -0.000000
330035 440042 0.725547 -0.000000
330035 460044 0.382434 -0.000000
330035 480046 0.341126 -0.000000
330036 450042 1.871702 -0.000000
330036 480045 1.020063 -0.000000
330036 460043 1.340940 -0.000000
330036 440041 2.966986 -0.000000
330036 470044 1.110287 -0.000000
330038 480043 5.305998 -0.000000
340035 370036 22.380909 -0.000000
340035 380037 5.172175 -0.000000
340035 390038 3.429997 -0.000000
340035 420041 0.473790 -0.000000
340035 430042 0.289409 -0.000000
340035 440043 0.194104 -0.000000
340035 450044 0.131037 -0.000000
340035 460045 0.121280 -0.000000
340036 400038 17.316834 -0.000000
340036 440042 1.237786 -0.000000
340036 460044 0.623010 -0.000000
340036 480046 0.541679 -0.000000
340036 430041 2.005531 -0.000000
340036 450043 0.815278 -0.000000
340036 470045 0.591265 -0.000000
340037 460043 2.236906 -0.000000
340037 440041 5.264447 -0.000000
340037 470044 1.812216 -0.000000
340037 450042 3.207662 -0.000000
340037 480045 1.643124 -0.000000
350036 380037 19.195040 -0.000000
350036 390038 8.415539 -0.000000
350036 430042 0.458088 -0.000000
350036 440043 0.295975 -0.000000
350036 450044 0.194712 -0.000000
350036 460045 0.176588 -0.000000
350036 470046 0.173203 -0.000000
350037 430041 3.504320 -0.000000
350037 450043 1.325198 -0.000000
350037 470045 0.920126 -0.000000
350037 440042 2.073548 -0.000000
350037 460044 0.986290 -0.000000
350037 480046 0.827023 -0.000000
350038 440041 7.732287 -0.000000
350038 470044 2.325462 -0.000000
350038 450042 4.439371 -0.000000
350038 480045 2.071945 -0.000000
350038 460043 2.972331 -0.000000
360037 390038 29.263946 -0.000000
360037 400039 8.545271 -0.000000
360037 420041 1.452227 -0.000000
360037 430042 0.810202 -0.000000
360037 440043 0.509325 -0.000000
360037 450044 0.325682 -0.000000
360037 460045 0.290363 -0.000000
360037 470046 0.280791 -0.000000
360038 420040 13.760017 -0.000000
360038 440042 2.831784 -0.000000
360038 460044 1.234719 -0.000000
360038 480046 1.002221 -0.000000
360038 430041 5.125309 -0.000000
360038 450043 1.730323 -0.000000
360038 470045 1.122715 -0.000000
360039 450042 9.550678 -0.000000
360039 480045 3.569451 -0.000000
360039 460043 5.754467 -0.000000
360039 470044 4.179295 -0.000000
370038 400039 23.941216 -0.000000
370038 410040 6.468968 -0.000000
370038 420041 1.914865 -0.000000
370038 430042 0.951876 -0.000000
370038 440043 0.561868 -0.000000
370038 450044 0.333991 -0.000000
370038 460045 0.284887 -0.000000
370038 470046 0.267601 -0.000000
370038 480047 0.220658 -0.000000
370039 430041 14.598401 -0.000000
370039 450043 3.582287 -0.000000
370039 470045 1.999742 -0.000000
370039 440042 6.621151 -0.000000
370039 460044 2.333388 -0.000000
370039 480046 1.705889 -0.000000
370040 460043 10.997605 -0.000000
370040 470044 7.348221 -0.000000
380039 430042 3.375777 -0.000000
380039 440043 1.735150 -0.000000
380039 450044 0.951813 -0.000000
380039 460045 0.764140 -0.000000
380040 440042 16.249304 -0.000000
380040 460044 4.688960 -0.000000
380040 450043 7.779101 -0.000000
380041 470044 13.346461 -0.000000
390040 420041 25.915217 -0.000000
390040 430042 7.746636 -0.000000
390040 440043 3.399053 -0.000000
390040 450044 1.696358 -0.000000
390040 460045 1.279776 -0.000000
390041 450043 15.414174 -0.000000
390041 460044 8.170588 -0.000000
390042 480045 13.133739 -0.000000
400041 430042 24.426459 -0.000000
400041 440043 7.242778 -0.000000
400041 450044 3.082444 -0.000000
400041 460045 2.118228 -0.000000
400042 460044 11.092517 -0.000000
400042 480046 5.598070 -0.000000
400042 470045 7.529808 -0.000000
410042 440043 12.735987 -0.000000
410042 450044 3.730267 -0.000000
410042 460045 2.163533 -0.000000
410042 470046 1.562575 -0.000000
410042 480047 1.111917 -0.000000
410043 470045 9.835214 -0.000000
410043 480046 6.457580 -0.000000
420043 450044 9.362438 -0.000000
420043 460045 3.812737 -0.000000
420043 470046 2.297255 -0.000000
420043 480047 1.479651 -0.000000
420044 480046 10.558040 -0.000000
430044 460045 10.591354 -0.000000
430044 470046 4.384459 -0.000000
430044 480047 2.397414 -0.000000
440045 470046 11.065050 -0.000000
440045 480047 4.389354 -0.000000
450046 480047 15.367705 -0.000000
