          49
         756
         861
         966
        1071
        1176
        1281
        1386
        1491
        1596
        1701
        1806
        1911
        2016
        2121
        2226
        2331
        2436
        2541
        2646
        2751
        2856
        2961
        3066
        3171
        3276
        3381
        3486
        3591
        3696
        3801
        3906
        4011
        4116
        4221
        4326
        4431
        4536
        4641
        4746
        4851
        4956
        5061
        5166
        5271
        5376
        5481
        5586
        5691
        5796
